-3.9996 0.22065
-3.9125 0.21489
-3.8336 0.20881
-3.8009 0.20653
-3.7681 0.20420
-3.6878 0.19832
-3.6074 0.19284
-3.5747 0.19061
-3.5419 0.18854
-3.4601 0.18292
-3.3637 0.17548
-3.3370 0.17410
-3.2994 0.17118
-3.2354 0.16549
-3.1550 0.15855
-3.1223 0.15579
-3.0910 0.15288
-3.0122 0.14512
-2.9318 0.13652
-2.8991 0.13323
-2.8663 0.12994
-2.7904 0.12096
-2.7115 0.11173
-2.6788 0.10780
-2.6461 0.10419
-2.5702 0.094468
-2.4943 0.083228
-2.4615 0.076222
-2.4333 0.069215
-2.3723 0.049948
-2.3209 0.031323
-2.2552 0.0066815
-2.1572 -0.032423
-2.1163 -0.049628
-2.0940 -0.057911
-2.0463 -0.077482
-1.9883 -0.10127
-1.9556 -0.11322
-1.9332 -0.12170
-1.8841 -0.14078
-1.8277 -0.16098
-1.7889 -0.17399
-1.7636 -0.18218
-1.7100 -0.20002
-1.6431 -0.22091
-1.6103 -0.22983
-1.5850 -0.23586
-1.5255 -0.25315
-1.4555 -0.27065
-1.4228 -0.27776
-1.3945 -0.28344
-1.3261 -0.29804
-1.2502 -0.31221
-1.2174 -0.31794
-1.1877 -0.32250
-1.1148 -0.33526
-1.0389 -0.34650
-1.0061 -0.35096
-0.97488 -0.35461
-0.89749 -0.36350
-0.81862 -0.37097
-0.78588 -0.37373
-0.75314 -0.37622
-0.67184 -0.38191
-0.59754 -0.38658
