-3.9966 0.27732
-3.9386 0.27267
-3.9074 0.27054
-3.8195 0.26402
-3.7868 0.26143
-3.7540 0.25916
-3.6879 0.25415
-3.6627 0.25258
-3.6096 0.23802
-3.5426 0.21844
-3.5099 0.20980
-3.4831 0.20320
-3.4146 0.18320
-3.3819 0.17440
-3.3565 0.16823
-3.2896 0.14700
-3.2568 0.13513
-3.2360 0.12935
-3.1794 0.10542
-3.1466 0.093646
-3.1258 0.087180
-3.0692 0.064040
-3.0365 0.052482
-3.0156 0.045980
-2.9561 0.022978
-2.9233 0.011951
-2.9010 0.0055536
-2.8429 -0.016332
-2.8102 -0.026776
-2.7864 -0.033823
-2.7238 -0.055438
-2.6911 -0.065245
-2.6673 -0.071570
-2.6047 -0.091891
-2.5720 -0.10111
-2.5482 -0.10768
-2.4797 -0.12750
-2.4469 -0.13625
-2.4216 -0.14276
-2.3546 -0.16243
-2.3219 -0.17122
-2.2966 -0.17794
-2.2296 -0.19809
-2.1968 -0.20705
-2.1730 -0.21325
-2.1045 -0.23280
-2.0718 -0.24149
-2.0465 -0.24725
-1.9765 -0.26619
-1.9437 -0.27377
-1.9169 -0.27951
-1.8455 -0.29613
-1.8127 -0.30291
-1.7844 -0.30820
-1.7055 -0.32348
-1.6728 -0.32888
-1.6445 -0.33327
-1.5656 -0.34569
-1.5328 -0.34998
-1.5031 -0.35358
-1.4197 -0.36350
-1.3869 -0.36694
-1.3572 -0.36967
-1.2708 -0.37739
-1.2381 -0.38029
-1.2068 -0.38228
-1.1190 -0.38830
-1.0862 -0.39031
-1.0550 -0.39188
-0.96712 -0.39572
-0.93437 -0.39730
-0.90162 -0.39883
-0.84103 -0.40062
-0.73646 -0.40291
-0.59661 -0.40714
