-4.0018 0.43243
-3.8375 0.43461
-3.6135 0.42867
-3.4864 0.42372
-3.4125 0.41880
-3.3202 0.41251
-3.1552 0.39586
-3.0942 0.39259
-3.0281 0.38259
-2.9491 0.37211
-2.9163 0.36761
-2.8835 0.36319
-2.8045 0.35163
-2.7255 0.33844
-2.6927 0.33331
-2.6599 0.32809
-2.5810 0.31464
-2.5049 0.29961
-2.4721 0.29050
-2.4438 0.28167
-2.3812 0.25375
-2.3201 0.22247
-2.2657 0.19015
-2.2172 0.15872
-2.1682 0.12696
-2.1322 0.10246
-2.1114 0.088925
-2.0682 0.056362
-2.0160 0.019697
-1.9862 -0.0027881
-1.9668 -0.017308
-1.9251 -0.049281
-1.8784 -0.084633
-1.8289 -0.12144
-1.7849 -0.15635
-1.7404 -0.19166
-1.7157 -0.21089
-1.6881 -0.23133
-1.6478 -0.26462
-1.6031 -0.29919
-1.5807 -0.31656
-1.5509 -0.34045
-1.5107 -0.37245
-1.4667 -0.40697
-1.4270 -0.43848
-1.4078 -0.45442
-1.3735 -0.48192
-1.3285 -0.51757
-1.2982 -0.54032
-1.2752 -0.55821
-1.2364 -0.58986
-1.1952 -0.62463
-1.1661 -0.64820
-1.1461 -0.66498
-1.1052 -0.70152
-1.0637 -0.73773
-1.0375 -0.75937
-0.99938 -0.79728
