-4.0028 0.43534
-3.9370 0.43581
-3.8712 0.43581
-3.7850 0.43645
-3.7523 0.43669
-3.7196 0.43669
-3.6303 0.43677
-3.5976 0.43669
-3.5649 0.43669
-3.4757 0.43597
-3.4430 0.43311
-3.4117 0.43031
-3.3269 0.42111
-3.2942 0.41737
-3.2615 0.41077
-3.1454 0.38176
-3.1186 0.37398
-3.0442 0.34980
-3.0115 0.33835
-2.9847 0.33001
-2.9132 0.30195
-2.8805 0.28923
-2.8551 0.28031
-2.7881 0.25139
-2.7554 0.23843
-2.7286 0.22845
-2.6631 0.19860
-2.6303 0.18477
-2.6050 0.17479
-2.5410 0.14415
-2.5082 0.13063
-2.4829 0.12029
-2.4189 0.087309
-2.3861 0.070774
-2.3653 0.060970
-2.3057 0.023952
-2.2729 0.0046344
-2.2551 -0.0040306
-2.2044 -0.041552
-2.1731 -0.061831
-2.1552 -0.071363
-2.1046 -0.11176
-2.0748 -0.13266
-2.0584 -0.14219
-2.0122 -0.18207
-1.9839 -0.20340
-1.9660 -0.21331
-1.9227 -0.25438
-1.8944 -0.27569
-1.8766 -0.28589
-1.8420 -0.32165
-1.8167 -0.34079
-1.7937 -0.35993
-1.7520 -0.39618
-1.7251 -0.41939
-1.7036 -0.43397
-1.6630 -0.47201
-1.6427 -0.49099
-1.6187 -0.50837
-1.5775 -0.54604
-1.5548 -0.56527
-1.5307 -0.58350
-1.4926 -0.61969
-1.4632 -0.64419
-1.4443 -0.65782
-1.3995 -0.70096
-1.3778 -0.71795
-1.3548 -0.73244
-1.3167 -0.76896
-1.2822 -0.79923
