0.0058964 -10
0.0077195 -3.2832
0.0077683 -3.1838
0.015473 -3.1194
0.028323 -3.0636
0.047280 -3.0625
0.066236 -3.0621
0.085192 -3.0623
0.10415 -3.0631
0.12422 -3.0649
0.14317 -3.0651
0.16213 -3.0647
0.17884 -3.0925
0.19331 -3.1573
0.20777 -3.2218
0.22224 -3.2832
0.23670 -3.3480
0.25061 -3.4115
0.26563 -3.4725
0.27898 -3.5373
0.29401 -3.5950
0.30791 -3.6603
0.32238 -3.7223
0.33740 -3.7819
0.35186 -3.8485
0.36577 -3.9118
0.37800 -3.9815
0.39359 -4.0334
0.40861 -4.0974
0.42252 -4.1608
0.43698 -4.2212
0.45145 -4.2885
0.49484 -4.4782
0.50931 -4.5389
0.52433 -4.5964
0.53824 -4.6616
0.55270 -4.7239
0.56773 -4.7819
0.58163 -4.8482
0.59722 -4.9023
0.60889 -4.9757
0.62392 -5.0294
0.63838 -5.0914
0.65285 -5.1524
0.66731 -5.2150
0.68289 -5.2782
0.69736 -5.3380
0.71183 -5.3975
0.72685 -5.4608
0.74187 -5.5220
0.75634 -5.5815
0.77192 -5.6366
0.78639 -5.6967
0.80141 -5.7628
0.81700 -5.8078
0.83090 -5.8772
0.84593 -5.9349
0.86151 -5.9940
0.87710 -6.0382
0.89324 -6.0941
0.90938 -6.1452
0.92553 -6.1973
0.94167 -6.2485
0.95837 -6.2970
0.97507 -6.3434
0.99178 -6.3840
1.0007 -6.4507
1.0006 -6.5478
1.0006 -6.6421
1.0005 -6.7480
1.0005 -6.8439
1.0004 -10
