0.0046461 -7.9941
0.0043116 -6.4701
0.0038098 -5.6041
0.0038098 -5.0244
0.0040886 -3.9774
0.0040886 -3.4951
0.0046461 -3.2065
0.0085488 -3.1109
0.018027 -3.0331
0.036425 -3.0204
0.055382 -3.0204
0.074338 -3.0204
0.093294 -3.0207
0.10681 -3.0539
0.11824 -3.1036
0.12967 -3.1540
0.14110 -3.2030
0.15351 -3.2576
0.16745 -3.3182
0.18194 -3.3820
0.19644 -3.4454
0.21093 -3.5086
0.22543 -3.5712
0.23937 -3.6333
0.25442 -3.6987
0.26836 -3.7596
0.28285 -3.8235
0.29735 -3.8865
0.31185 -3.9492
0.32634 -4.0125
0.34084 -4.0761
0.35533 -4.1391
0.36983 -4.2021
0.38433 -4.2704
0.41969 -4.4180
0.43068 -4.4676
0.44287 -4.5201
0.45625 -4.5791
0.47130 -4.6433
0.48580 -4.7069
0.49973 -4.7673
0.51479 -4.8313
0.52928 -4.8946
0.54322 -4.9559
0.55828 -5.0193
0.57277 -5.0820
0.58782 -5.1457
0.60232 -5.2069
0.61626 -5.2678
0.63131 -5.3310
0.64581 -5.3933
0.66030 -5.4545
0.67480 -5.5163
0.69041 -5.5798
0.70435 -5.6382
0.71940 -5.7007
0.73446 -5.7620
0.74839 -5.8206
0.76400 -5.8826
0.77906 -5.9434
0.79411 -6.0028
0.80861 -6.0606
0.82422 -6.1212
0.83983 -6.1802
0.85432 -6.2352
0.86994 -6.2910
0.88610 -6.3480
0.90227 -6.4027
0.91788 -6.4535
0.93405 -6.5054
0.95022 -6.5564
0.96639 -6.6059
0.98311 -6.6544
0.99866 -6.7040
0.99892 -6.8013
0.99892 -6.8954
0.99923 -7.9809