-3.9979 0.62398
-3.9468 0.62495
-3.8672 0.62638
-3.8201 0.62807
-3.7480 0.62952
-3.6958 0.63075
-3.6528 0.63002
-3.5991 0.61380
-3.5709 0.60659
-3.4980 0.58544
-3.4652 0.57638
-3.4370 0.56877
-3.3670 0.54768
-3.3343 0.53836
-3.3075 0.53070
-3.2391 0.50522
-3.2064 0.49338
-3.1826 0.48494
-3.1172 0.45837
-3.0845 0.44607
-3.0621 0.43824
-2.9982 0.41126
-2.9655 0.39862
-2.9432 0.39075
-2.8792 0.36375
-2.8465 0.35091
-2.8242 0.34325
-2.7632 0.31676
-2.7305 0.30472
-2.7067 0.29583
-2.6413 0.26912
-2.6086 0.25688
-2.5863 0.24954
-2.5223 0.22380
-2.4896 0.21209
-2.4658 0.20427
-2.4004 0.17741
-2.3676 0.16484
-2.3453 0.15637
-2.2844 0.12910
-2.2517 0.11587
-2.2279 0.10687
-2.1684 0.078605
-2.1357 0.064707
-2.1149 0.056634
-2.0554 0.028766
-2.0227 0.015200
-2.0004 0.0069462
-1.9394 -0.020804
-1.9067 -0.034304
-1.8844 -0.042376
-1.8234 -0.068253
-1.7907 -0.080426
-1.7669 -0.088377
-1.6985 -0.11423
-1.6657 -0.12482
-1.6419 -0.13218
-1.5735 -0.15418
-1.5408 -0.16330
-1.5140 -0.17055
-1.4396 -0.19001
-1.4069 -0.19754
-1.3786 -0.20370
-1.2997 -0.22039
-1.2670 -0.22620
-1.2372 -0.23116
-1.1539 -0.24481
-1.1211 -0.24942
-1.0899 -0.25331
-1.0050 -0.26358
-0.97225 -0.26726
-0.94098 -0.27040
-0.85611 -0.27764
-0.82336 -0.28060
-0.79209 -0.28224
-0.70126 -0.28852
-0.66850 -0.29008
-0.59790 -0.29284
