-4 0.60192
-3.8072 0.58830
-3.6435 0.57682
-3.5781 0.57243
-3.4977 0.56665
-3.4144 0.55969
-3.3816 0.55862
-3.3489 0.55544
-3.2700 0.54759
-3.1912 0.53996
-3.1584 0.53671
-3.1257 0.53346
-3.0453 0.52418
-2.9650 0.51447
-2.9322 0.51035
-2.8995 0.50663
-2.8221 0.49609
-2.7447 0.48499
-2.7120 0.48021
-2.6793 0.47569
-2.6034 0.46405
-2.5245 0.45132
-2.4918 0.44501
-2.4620 0.43742
-2.3980 0.41421
-2.3370 0.38712
-2.3043 0.37324
-2.2805 0.36381
-2.2314 0.33706
-2.1733 0.30591
-2.1421 0.29011
-2.1212 0.28146
-2.0751 0.25401
-2.0186 0.22271
-1.9873 0.20685
-1.9665 0.19783
-1.9204 0.17050
-1.8638 0.13912
-1.8311 0.12451
-1.8088 0.11530
-1.7611 0.089184
-1.7031 0.058840
-1.6704 0.044432
-1.6480 0.035684
-1.5974 0.010303
-1.5335 -0.018116
-1.5007 -0.030865
-1.4754 -0.038998
-1.4219 -0.062645
-1.3549 -0.087835
-1.3222 -0.098857
-1.2954 -0.10666
-1.2344 -0.12783
-1.1644 -0.15018
-1.1317 -0.16034
-1.1049 -0.16760
-1.0379 -0.18644
-0.96502 -0.20509
-0.93228 -0.21180
-0.90103 -0.21838
-0.82812 -0.23219
-0.75074 -0.24580
-0.71800 -0.25051
-0.68675 -0.25490
-0.6 -0.26457
