0.04 -10.000
0.045 -9
0.049448 -8.4722
0.053696 -8.1714
0.055783 -7.9256
0.058845 -7.8277
0.0629 -7.7434
0.0635 -7.6660
0.0657 -7.6005
0.072 -7.5492
0.0755 -7.4844
0.078830 -7.4018
0.082951 -7.3181
0.090530 -7.2289
0.097402 -7.1425
0.10902 -7.0590
0.12 -6.9773
0.13216 -6.9051
0.15157 -6.85
0.16030 -6.8040
0.17324 -6.7261
0.20256 -6.6472
0.29060 -6.5621
0.45397 -6.6024
0.58980 -6.6724
0.73927 -6.7428
0.89563 -6.8060
1.0725 -6.8623
1.2699 -6.9132
1.4742 -6.9568
1.6434 -6.9888
1.7686 -7.0241
1.8893 -7.0658
2.0253 -7.1244
2.1884 -7.1899
2.3516 -7.2495
2.5285 -7.3107
2.7053 -7.3687
2.8890 -7.4242
3.0796 -7.4767
3.2838 -7.5247
3.4881 -7.5715
3.6923 -7.6151
3.8616 -7.6493
3.9803 -7.6736
4.1350 -7.7011
4.3325 -7.7370
4.5051 -7.7637
4.5982 -7.7779
4.7821 -7.8071
5.0001 -7.8402
5.1728 -7.8611
5.2727 -7.8747
5.4498 -7.9046
5.6224 -7.9276
5.7223 -7.9400
5.8995 -7.9666
6.0720 -7.9945
6.1651 -8.0103
6.3491 -8.0369
6.5217 -8.0602
6.6148 -8.0732
6.7988 -8.0998
6.9714 -8.1247
7.0645 -8.1377
7.2484 -8.1644
7.4210 -8.1884
7.5210 -8.2018
7.6981 -8.2284
7.8707 -8.2529
7.9706 -8.2665
8.1614 -8.2941
8.3794 -8.3242
8.5520 -8.3479
8.6451 -8.3601
8.8291 -8.3853
9.0017 -8.4088
9.1016 -8.4220
9.2924 -8.4502
9.5104 -8.4812
9.6830 -8.5058
9.7761 -8.5192
9.9601 -8.5469
10.133 -8.5727
10.226 -8.5861
10.410 -8.6141
10.582 -8.6404
10.675 -8.6554
10.859 -8.6857
11.077 -8.7208
11.247 -8.7469
11.343 -8.7619
11.527 -8.7924
11.745 -8.8264
11.963 -8.8618
12.132 -8.8896
12.243 -8.9087
12.412 -8.9351
12.630 -8.9678
12.848 -9.0025
13.018 -9.0299
13.114 -9.0442
13.298 -9.0739
13.516 -9.1086
13.734 -9.1435
13.907 -9.1694
14 -9.1783