0.04 -10.000
0.044 -8.7104
0.046312 -8.0881
0.074768 -7.3806
0.087989 -7.2642
0.10134 -7.1164
0.11441 -7.0358
0.12741 -6.9731
0.14051 -6.8836
0.15364 -6.7896
0.19222 -6.6955
0.21802 -6.6149
0.23091 -6.5746
0.26613 -6.5335
0.34420 -6.5074
0.43403 -6.5306
0.58975 -6.5768
0.77371 -6.6286
0.97814 -6.6773
1.1894 -6.7177
1.4076 -6.7533
1.6257 -6.7877
1.8165 -6.8376
1.9799 -6.9032
2.1365 -6.9677
2.3068 -7.0330
2.4703 -7.0925
2.6474 -7.1501
2.8313 -7.2029
3.0221 -7.2598
3.2197 -7.3082
3.4173 -7.3574
3.6286 -7.4010
3.8399 -7.4438
4.0443 -7.4861
4.2624 -7.5286
4.4737 -7.5690
4.6918 -7.6039
4.9100 -7.6410
5.1418 -7.6650
5.3599 -7.6981
5.5917 -7.7256
5.8236 -7.7442
6.0554 -7.7749
6.2736 -7.7985
6.4481 -7.8134
6.5463 -7.8241
6.7509 -7.8471
6.9827 -7.8738
7.2145 -7.9017
7.4395 -7.9286
7.6645 -7.9554
7.8963 -7.9822
8.1281 -8.0060
8.3008 -8.0236
8.4008 -8.0339
8.6054 -8.0537
8.8372 -8.0762
9.0690 -8.1050
9.2940 -8.1345
9.5190 -8.1620
9.7508 -8.1914
9.9826 -8.2202
10.208 -8.2487
10.433 -8.2769
10.664 -8.3070
10.896 -8.3356
11.114 -8.3644
11.287 -8.3880
11.380 -8.4020
11.564 -8.4294
11.737 -8.4516
11.830 -8.4660
12.014 -8.4975
12.239 -8.5322
12.457 -8.5686
12.682 -8.6031
12.900 -8.6424
13.112 -8.6793
13.330 -8.7196
13.548 -8.7580
13.759 -8.7959
13.957 -8.8304
