0.0095963 -9.9943
0.0096058 -9.7981
0.0095621 -9.5672
0.0094902 -9.1870
0.0094394 -8.9183
0.0096306 -8.5555
0.0095320 -8.3091
0.0092655 -7.9995
0.0092219 -7.7691
0.0093856 -7.5357
0.0090384 -7.0903
0.0088261 -6.8041
0.0087794 -6.5290
0.0092240 -6.4069
0.0088971 -6.2994
0.0091997 -6.2278
0.0099506 -6.1266
0.011178 -6.0208
0.012246 -5.8972
0.013624 -5.7633
0.015057 -5.6484
0.017739 -5.5380
0.021250 -5.4145
0.024350 -5.3193
0.027978 -5.2671
0.036799 -5.1885
0.049961 -5.1704
0.058104 -5.1700
0.074215 -5.1702
0.087520 -5.1696
0.096043 -5.1704
0.11267 -5.1706
0.12598 -5.1715
0.13347 -5.1926
0.14699 -5.2564
0.16260 -5.3275
0.17924 -5.3998
0.19485 -5.4681
0.21045 -5.5376
0.22710 -5.6091
0.24270 -5.6783
0.25831 -5.7472
0.27124 -5.8031
0.28030 -5.8427
0.29160 -5.8922
0.30616 -5.9564
0.31909 -6.0127
0.32815 -6.0528
0.33945 -6.1009
0.35401 -6.1671
0.37066 -6.2376
0.38626 -6.3071
0.40187 -6.3754
0.41480 -6.4379
0.42787 -6.4820
0.45076 -6.5878
0.46637 -6.6560
0.48197 -6.7249
0.49862 -6.7960
0.51422 -6.8649
0.52983 -6.9329
0.54275 -6.9881
0.55182 -7.0287
0.56311 -7.0765
0.57872 -7.1437
0.59432 -7.2113
0.60993 -7.2790
0.62286 -7.3332
0.63192 -7.3738
0.64322 -7.4210
0.65882 -7.4882
0.67443 -7.5549
0.69107 -7.6244
0.70667 -7.6911
0.72332 -7.7600
0.73892 -7.8258
0.75185 -7.8781
0.76092 -7.9176
0.77273 -7.9636
0.78781 -8.0259
0.80446 -8.0933
0.82006 -8.1562
0.83299 -8.2064
0.84146 -8.2395
0.85439 -8.2896
0.86999 -8.3504
0.88292 -8.3973
0.89114 -8.4286
0.90432 -8.4753
0.91992 -8.5295
0.93309 -8.5747
0.94020 -8.5983
0.95424 -8.6438
0.96742 -8.6844
0.97504 -8.7076
0.98856 -8.7506
0.99938 -8.8043
1.0042 -8.8522
1.0104 -8.9491
1.0182 -9.0644
1.0252 -9.1617
1.0290 -9.2290
1.0292 -9.3155
1.0290 -9.4165
1.0291 -9.5407
1.0290 -9.6597
1.0294 -9.7347
1.0291 -9.7923
1.0290 -9.9199
1.0295 -10.002
