0.020606 -9.9984
0.020981 -5.9327
0.031974 -5.8728
0.042676 -5.8128
0.051123 -5.7667
0.073051 -5.7648
0.11151 -5.7696
0.14347 -5.7703
0.16099 -5.7711
0.17814 -5.7735
0.19023 -5.7823
0.20056 -5.8287
0.20952 -5.8874
0.21857 -5.9510
0.23001 -6.0323
0.24352 -6.1248
0.25547 -6.2192
0.26691 -6.3267
0.27730 -6.4333
0.28770 -6.5407
0.29705 -6.6443
0.30693 -6.7520
0.31628 -6.8595
0.32616 -6.9741
0.33499 -7.0835
0.34383 -7.1994
0.35214 -7.3134
0.35994 -7.4283
0.36669 -7.5419
0.37397 -7.6668
0.37969 -7.7817
0.38436 -7.8948
0.38748 -7.9696
0.39008 -8.0306
0.39251 -8.1274
0.39476 -8.1793
0.39684 -8.2814
0.39996 -8.4031
0.40193 -8.5368
0.40359 -8.6631
0.40567 -8.7883
0.40645 -8.8951
0.40775 -8.9720
0.40879 -9.0451
0.40983 -9.1522
0.41052 -9.2796
0.41018 -9.4062
0.41035 -9.5415
0.41052 -9.6597
0.41018 -9.7862
0.41035 -10
