IMF(Kroupa=0, IGIMF=1), Log_SFR, SFEN, STR, alive stellar mass, Dynamical mass, Mass-weighted stellar [Mg/Fe], Mass-weighted stellar [Z/X]
0 -1.0 25 0.3 6.997 7.1567 0.37253396992722965 -0.7060717087575512 -0.1532570847011565 -0.20150770172636934 0.3676766895978208 -0.6811278655042325
0 1.0 25 0.3 8.997 9.1567 0.3725339699272297 -0.7060717087575512 -0.1532570847011566 -0.20150770172636934 0.36767668959782107 -0.6811278655042325
0 3.0 25 0.3 10.997 11.1567 0.37253396992722965 -0.7060717087575512 -0.15325708470115645 -0.20150770172636934 0.3676766895978211 -0.6811278655042325
0 -1.0 25 0.2 6.9916 7.1581 0.3759952016876949 -0.9108723296248231 -0.10796121277650661 -0.42265053664116903 0.37351098082488315 -0.8960974215893043
0 1.0 25 0.2 8.9916 9.1581 0.37599520168769496 -0.9108723296248231 -0.10796121277650647 -0.42265053664116925 0.37351098082488315 -0.8960974215893043
0 3.0 25 0.2 10.9916 11.1581 0.3759952016876949 -0.9108723296248227 -0.10796121277650647 -0.42265053664116903 0.37351098082488315 -0.8960974215893038
0 -1.0 25 0.1 6.9866 7.1575 0.3634281937789669 -1.2291745067002176 -0.1295611483938278 -0.7487860174295167 0.36172115461134347 -1.2213751858138384
0 1.0 25 0.1 8.9866 9.1575 0.363428193778967 -1.2291745067002176 -0.1295611483938279 -0.7487860174295162 0.3617211546113436 -1.2213751858138384
0 3.0 25 0.1 10.9866 11.1575 0.363428193778967 -1.2291745067002176 -0.12956114839382804 -0.7487860174295167 0.36172115461134347 -1.2213751858138384
0 -1.0 50 0.3 7.2997 7.4577 0.2726473736368332 -0.6704160415124949 -0.15427833852949158 -0.20134409317971236 0.2684332996642775 -0.6448239976725583
0 1.0 50 0.3 9.2997 9.4577 0.2726473736368329 -0.6704160415124953 -0.15427833852949163 -0.20134409317971236 0.2684332996642773 -0.6448239976725583
0 3.0 50 0.3 11.2997 11.4577 0.2726473736368332 -0.6704160415124953 -0.15427833852949158 -0.2013440931797128 0.26843329966427754 -0.6448239976725583
0 -1.0 100 0.3 7.6031 7.7589 0.19121471875631102 -0.6393334839779763 -0.15243792715122004 -0.20227714204956904 0.18674164446449182 -0.6099232786885966
0 1.0 100 0.3 9.6031 9.7589 0.19121471875631124 -0.6393334839779772 -0.15243792715121984 -0.20227714204957015 0.18674164446449204 -0.6099232786885971
0 3.0 100 0.3 11.6031 11.7589 0.19121471875631102 -0.6393334839779763 -0.15243792715121995 -0.2022771420495697 0.18674164446449204 -0.6099232786885971
0 1.0 50 0.2 9.2939 9.4595 0.27938428844495 -0.877912679491123 -0.10174108477317403 -0.4244152545291242 0.2774401812826871 -0.8627950286481874
0 3.0 50 0.2 11.2939 11.4595 0.27938428844495 -0.877912679491123 -0.10174108477317381 -0.42441525452912465 0.2774401812826872 -0.8627950286481869
0 1.0 100 0.2 9.5967 9.7611 0.20070097303276319 -0.8487710603248695 -0.09594875528667537 -0.42651654352007706 0.19904110662594038 -0.8321245679015654
0 3.0 100 0.2 11.5967 11.7611 0.20070097303276346 -0.8487710603248699 -0.09594875528667521 -0.42651654352007795 0.19904110662594066 -0.8321245679015663
