IMF(Kroupa=0, IGIMF=1), Log_SFR, SFEN, STR, alive stellar mass, Dynamical mass, Mass-weighted stellar [Mg/Fe], Mass-weighted stellar [Z/X], gas [Mg/Fe], gas [Z/X], luminosity-weighted stellar [Mg/Fe], luminosity-weighted stellar [Z/X]
1 -1.0 25 0.1 6.8766 7.1299 0.09216258386898889 -1.2969833960566592 -0.4362591227058872 -0.793127048061842 -0.3363292031584997 -0.955909625880403
1 -1.0 25 0.2 6.9241 7.1477 0.09822949690770803 -1.000611738368255 -0.4119207321465328 -0.48528473049110343 -0.30397478064246175 -0.6707694131416708
1 -1.0 25 0.3 6.9538 7.1593 0.10917786252376684 -0.8196419825104317 -0.408504636789676 -0.2974837322677324 -0.2866366633673919 -0.501441741284242
1 1.0 25 0.1 8.6608 8.9916 0.6386472295125672 -0.8275102510246131 0.2634326448238544 -0.5103721986356631 0.30200539119081443 -0.5694225618092139
1 1.0 25 0.2 8.7307 8.9983 0.5947335183242302 -0.48452133763026883 0.16111363658770333 -0.14050116744479513 0.22636556586036202 -0.22091548456052723
1 1.0 25 0.3 8.7748 9.0022 0.5285467425470467 -0.2729864408611551 0.08802306735346048 0.053779728335335175 0.1655113666301915 -0.035966843314543695
1 3.0 25 0.1 10.1636 10.7598 0.9310309354573439 -0.5958800054740914 0.6476408781538626 -0.2856144894112289 0.6586571318079204 -0.30371048085645014
1 3.0 25 0.2 10.2507 10.709 0.7665429437511053 -0.2167968202244812 0.45190912032517694 0.070510086253053 0.4684458564239827 0.048215264079802145
1 3.0 25 0.3 10.2983 10.6938 0.672355411802643 -0.016809498583123972 0.3741453076604747 0.263613967120762 0.391930174149717 0.23817929854717867
1 -1.0 50 0.1 7.1834 7.4321 -0.0010275758556634318 -1.2778812328009457 -0.4386540760458566 -0.7983847954502481 -0.2882582034519722 -1.0361994858107237
1 -1.0 50 0.2 7.2318 7.4504 0.006577512772977245 -0.9815710075620567 -0.4076725535312174 -0.491196433559528 -0.25137164142161006 -0.7540908993555282
1 -1.0 50 0.3 7.261 7.462 0.01749709207734869 -0.8020263001159529 -0.4050611974737034 -0.30529821056143924 -0.23234573968059014 -0.5873336856454678
1 1.0 50 0.1 8.963 9.2919 0.5795165815435916 -0.8245437009982368 0.26276835852661434 -0.5127059966123999 0.32474561581938255 -0.6107972286984176
1 1.0 50 0.2 9.0345 9.2981 0.530730219169516 -0.4789187503051815 0.15501357929671916 -0.1420554378301917 0.25808921143182295 -0.2695495705144868
1 1.0 50 0.3 9.0773 9.303 0.4721032006462734 -0.2732349631478137 0.0882594949780409 0.04937770082936854 0.2073848905763483 -0.08852245671331938
1 3.0 50 0.1 10.4575 11.0581 0.8980316864126011 -0.6050008078446936 0.6448115179198679 -0.28738930756582537 0.6633109666677144 -0.32075208644055064
1 3.0 50 0.2 10.5481 11.0026 0.7290662229728663 -0.21856970892801852 0.4400345743670133 0.07193542673148312 0.4690265420273152 0.030833015089917648
1 3.0 50 0.3 10.5956 10.991 0.628397942965831 -0.021313916486520812 0.3599093361616442 0.26247102905001496 0.3902276080252749 0.2161901974785161
1 -1.0 100 0.1 7.4927 7.7357 -0.09143127849243057 -1.2422007879651777 -0.4383935786727513 -0.8037838634228158 -0.24905740751163358 -1.1012864890910123
1 -1.0 100 0.2 7.5414 7.7542 -0.07853678024821681 -0.9457761010021344 -0.39973059234056774 -0.49707569393478823 -0.21248970613288343 -0.8158193653815824
1 -1.0 100 0.3 7.5713 7.7655 -0.06819423648982803 -0.7661318152396583 -0.40598694950018327 -0.3129354747761144 -0.19663131261666822 -0.645374931949352
1 1.0 100 0.1 9.2671 9.5932 0.520800527676915 -0.8168278686449126 0.2641945771592572 -0.5143866106505317 0.3527981001953266 -0.6604034549188793
1 1.0 100 0.2 9.3391 9.599 0.47127714721861685 -0.47089229932091636 0.15430096162229784 -0.14354401796352612 0.2966454453853253 -0.3223894193674206
1 1.0 100 0.3 9.382 9.6039 0.40960186430152185 -0.26488333415681753 0.0854357797191831 0.048376510918300086 0.24490188947917868 -0.13882013046538155
1 3.0 100 0.1 10.7572 11.3572 0.8632567055766052 -0.6048841299974066 0.6419950683299612 -0.2848783753361497 0.6732301127397011 -0.34574760458734377
1 3.0 100 0.2 10.8476 11.3016 0.698982070047909 -0.22192730700860253 0.4388626788542526 0.06986465386050966 0.48748045910942217 -0.002009193595471137
1 3.0 100 0.3 10.8954 11.2899 0.602693737159776 -0.023637057967088815 0.3609026373088949 0.2611663294739941 0.4112750448433265 0.1814372572377696
