7.00000 0.00400 1.2728868512 2.5440723991 
7.30103 0.00400 1.0524763721 1.2642937460 
7.47712 0.00400 0.9471346361 1.0605199245 
7.60206 0.00400 0.8790121050 0.9614335237 
7.69897 0.00400 0.8288237223 0.8951885023 
7.77815 0.00400 0.7899994978 0.8434873756 
7.84510 0.00400 0.7576274820 0.8054970897 
7.90309 0.00400 0.7295598291 0.7739302711 
7.95424 0.00400 0.7060656540 0.7471440791 
8.00000 0.00400 0.6850491463 0.7238552935 
8.04139 0.00400 0.6666311634 0.7032697830 
8.07918 0.00400 0.6503434548 0.6849012084 
8.11394 0.00400 0.6340796865 0.6682968812 
8.14613 0.00400 0.6202189350 0.6533015064 
8.17609 0.00400 0.6067278911 0.6395349945 
8.20412 0.00400 0.5949463156 0.6266824923 
8.23045 0.00400 0.5832356351 0.6147387932 
8.25527 0.00400 0.5738662101 0.6035466636 
8.27875 0.00400 0.5638064263 0.5932971693 
8.30103 0.00400 0.5535421679 0.5836465036 
8.32222 0.00400 0.5446490761 0.5745810827 
8.34242 0.00400 0.5362509191 0.5660201873 
8.36173 0.00400 0.5282417047 0.5578557714 
8.38021 0.00400 0.5214524929 0.5501445123 
8.39794 0.00400 0.5142262171 0.5427819613 
8.41497 0.00400 0.5072937432 0.5357187526 
8.43136 0.00400 0.4998983818 0.5289632153 
8.44716 0.00400 0.4935702011 0.5225124079 
8.46240 0.00400 0.4882298588 0.5162953556 
8.47712 0.00400 0.4815857891 0.5102957636 
8.49136 0.00400 0.4759262864 0.5045265918 
8.50515 0.00400 0.4705923618 0.4990893071 
8.51851 0.00400 0.4654272511 0.4938241076 
8.53148 0.00400 0.4596758732 0.4887204442 
8.54407 0.00400 0.4548207543 0.4837687183 
8.55630 0.00400 0.4501059432 0.4789600921 
8.56820 0.00400 0.4455873786 0.4743516172 
8.57978 0.00400 0.4404936288 0.4699064645 
8.59106 0.00400 0.4362532974 0.4655795516 
8.60206 0.00400 0.4321228215 0.4613647372 
8.61278 0.00400 0.4273676776 0.4572563777 
8.62325 0.00400 0.4234427189 0.4532492314 
8.63347 0.00400 0.4196120896 0.4493383897 
8.64345 0.00400 0.4151985857 0.4455707577 
8.65321 0.00400 0.4116601172 0.4419563486 
8.66276 0.00400 0.4082010090 0.4384230031 
8.67210 0.00400 0.4040999143 0.4349671415 
8.68124 0.00400 0.4007909305 0.4315854142 
8.69020 0.00400 0.3968369961 0.4282747597 
8.69897 0.00400 0.3936658380 0.4250322303 
8.70757 0.00400 0.3905586230 0.4218550830 
8.71600 0.00400 0.3868031199 0.4187407557 
8.72428 0.00400 0.3838178739 0.4156867604 
8.73239 0.00400 0.3802045338 0.4127131915 
8.74036 0.00400 0.3773529607 0.4097944539 
8.74819 0.00400 0.3745535625 0.4069291200 
8.75587 0.00400 0.3718045529 0.4041153616 
8.76343 0.00400 0.3684030804 0.4013513103 
8.77085 0.00400 0.3657508957 0.3986352667 
8.77815 0.00400 0.3631439418 0.3959655428 
8.78533 0.00400 0.3605807481 0.3933406329 
8.79239 0.00400 0.3573641388 0.3907590536 
8.79934 0.00400 0.3548854156 0.3882193468 
8.80618 0.00400 0.3524463310 0.3857202541 
8.81291 0.00400 0.3500455662 0.3832604238 
8.81954 0.00400 0.3469912406 0.3808387128 
8.82607 0.00400 0.3447448175 0.3785358411 
8.83251 0.00400 0.3425603177 0.3762964488 
8.83885 0.00400 0.3397206884 0.3740901263 
8.84510 0.00400 0.3376009304 0.3719159876 
8.85126 0.00400 0.3354917077 0.3697526545 
8.85733 0.00400 0.3327153651 0.3676067838 
8.86332 0.00400 0.3306534809 0.3654909180 
8.86923 0.00400 0.3286199612 0.3634041593 
8.87506 0.00400 0.3259231914 0.3613356238 
8.88081 0.00400 0.3239242225 0.3592832670 
8.88649 0.00400 0.3219516923 0.3572580549 
8.89209 0.00400 0.3200049483 0.3552593177 
8.89763 0.00400 0.3180832727 0.3532863185 
8.90309 0.00400 0.3154952415 0.3513232208 
8.90849 0.00400 0.3135731695 0.3493488006 
8.91381 0.00400 0.3116749788 0.3473989119 
8.91908 0.00400 0.3097999851 0.3454728521 
8.92428 0.00400 0.3079477138 0.3435701335 
8.92942 0.00400 0.3061192814 0.3416919032 
8.93450 0.00400 0.3043149416 0.3398384215 
8.93952 0.00400 0.3025317053 0.3380066181 
8.94448 0.00400 0.3007690828 0.3361959900 
8.94939 0.00400 0.2983590345 0.3344060205 
8.95424 0.00400 0.2966370493 0.3326362270 
8.95904 0.00400 0.2949762057 0.3309292725 
8.96379 0.00400 0.2933389261 0.3292465364 
8.96848 0.00400 0.2917195402 0.3275821907 
8.97313 0.00400 0.2901176130 0.3259357883 
8.97772 0.00400 0.2885328420 0.3243070185 
8.98227 0.00400 0.2863030943 0.3226954144 
8.98677 0.00400 0.2848089756 0.3211590238 
8.99123 0.00400 0.2833621288 0.3196712426 
8.99564 0.00400 0.2812707222 0.3181987512 
9.00000 0.00400 0.2798539774 0.3167411739 
9.00432 0.00400 0.2784514533 0.3152982271 
9.00860 0.00400 0.2770628682 0.3138696210 
9.01284 0.00400 0.2750313785 0.3124550595 
9.01703 0.00400 0.2735392076 0.3109190917 
9.02119 0.00400 0.2719276061 0.3092601877 
9.02531 0.00400 0.2709855104 0.3076171051 
9.02938 0.00400 0.2694036359 0.3059896388 
9.03342 0.00400 0.2678365847 0.3043774230 
9.03743 0.00400 0.2662840936 0.3027801869 
9.04139 0.00400 0.2647459930 0.3011977561 
9.04532 0.00400 0.2633596298 0.2997714359 
9.04922 0.00400 0.2620045966 0.2983773487 
9.05308 0.00400 0.2606617072 0.2969957553 
9.05690 0.00400 0.2593307349 0.2956264226 
9.06070 0.00400 0.2580114743 0.2942691390 
9.06446 0.00400 0.2567037409 0.2929237149 
9.06818 0.00400 0.2541150846 0.2915899300 
9.07188 0.00400 0.2528311081 0.2902675863 
9.07554 0.00400 0.2515884870 0.2889878339 
9.07918 0.00400 0.2503604394 0.2877230903 
9.08278 0.00400 0.2491426329 0.2864688940 
9.08636 0.00400 0.2485778664 0.2852251055 
9.08990 0.00400 0.2473794904 0.2839915558 
9.09342 0.00400 0.2461908937 0.2827680723 
9.09691 0.00400 0.2437297102 0.2815544797 
9.10037 0.00400 0.2425613883 0.2803506264 
9.10380 0.00400 0.2414023419 0.2791563306 
9.10721 0.00400 0.2401417738 0.2778574257 
9.11059 0.00400 0.2388333019 0.2765091600 
9.11394 0.00400 0.2388107761 0.2751713396 
9.11727 0.00400 0.2368839018 0.2738438535 
9.12057 0.00400 0.2356048298 0.2725265609 
9.12385 0.00400 0.2343354345 0.2712192342 
9.12710 0.00400 0.2330756265 0.2699217812 
9.13033 0.00400 0.2318252594 0.2686340513 
9.13353 0.00400 0.2305841844 0.2673558911 
9.13671 0.00400 0.2294253301 0.2661624085 
9.13987 0.00400 0.2289193076 0.2649895447 
9.14301 0.00400 0.2277881716 0.2638252085 
9.14613 0.00400 0.2266652029 0.2626692794 
9.14922 0.00400 0.2255479685 0.2615192528 
9.15229 0.00400 0.2244409681 0.2603797607 
9.15534 0.00400 0.2233417985 0.2592483291 
9.15836 0.00400 0.2222503341 0.2581248290 
9.16137 0.00400 0.2211664754 0.2570091578 
9.16435 0.00400 0.2200901211 0.2559012111 
9.16732 0.00400 0.2189894739 0.2547682587 
9.17026 0.00400 0.2178543931 0.2535998619 
9.17318 0.00400 0.2167269941 0.2524393724 
9.17609 0.00400 0.2156071777 0.2512866880 
9.17897 0.00400 0.2151202545 0.2501417338 
9.18184 0.00400 0.2140147293 0.2490043458 
9.18469 0.00400 0.2129165385 0.2478745035 
9.18752 0.00400 0.2118255189 0.2467520393 
9.19033 0.00400 0.2107415909 0.2456368709 
9.19312 0.00400 0.2096646731 0.2445289149 
9.19590 0.00400 0.2092167367 0.2434281155 
9.19865 0.00400 0.2082776654 0.2279344449 
9.20139 0.00400 0.2072136455 0.2268531151 
9.20412 0.00400 0.2061564204 0.2257786906 
9.20682 0.00400 0.2051057741 0.2247109520 
9.20951 0.00400 0.2040616703 0.2236498622 
9.21218 0.00400 0.2030240413 0.2225953526 
9.21484 0.00400 0.2026038362 0.2215472909 
9.21748 0.00400 0.2015783357 0.2205056368 
9.22010 0.00400 0.2005591026 0.2194703487 
9.22271 0.00400 0.1995439068 0.2184391614 
9.22530 0.00400 0.1985412481 0.2174207088 
9.22788 0.00400 0.1975449653 0.2164087326 
9.23044 0.00400 0.1971626174 0.2154027792 
9.23299 0.00400 0.1949625431 0.2144027065 
9.23552 0.00400 0.1951982958 0.2134085289 
9.23804 0.00400 0.1942247338 0.2124201335 
9.24054 0.00400 0.1932567858 0.2114374377 
9.24303 0.00400 0.1922944639 0.2104604537 
9.24551 0.00400 0.1919426690 0.2094890332 
9.24797 0.00400 0.1897816434 0.2085231225 
9.25041 0.00400 0.1888361456 0.2075627312 
9.25285 0.00400 0.1891114505 0.2066161368 
9.25527 0.00400 0.1882180783 0.2057096135 
9.25768 0.00400 0.1873222962 0.2048006447 
9.26007 0.00400 0.1864232953 0.2038884098 
9.26245 0.00400 0.1855334643 0.2029854798 
9.26482 0.00400 0.1840601955 0.2021007266 
9.26717 0.00400 0.1831934867 0.2012208126 
9.26951 0.00400 0.1823315128 0.2003457054 
9.27184 0.00400 0.1814741125 0.1994752417 
9.27416 0.00400 0.1806213815 0.1986095184 
9.27646 0.00400 0.1797731249 0.1977483376 
9.27875 0.00400 0.1801268955 0.1968917626 
9.28103 0.00400 0.1792867602 0.1960396924 
9.28330 0.00400 0.1784510308 0.1951920906 
9.28556 0.00400 0.1770217414 0.1943484574 
9.28780 0.00400 0.1761791216 0.1934934336 
9.29003 0.00400 0.1753408642 0.1926428363 
9.29225 0.00400 0.1745068997 0.1917965951 
9.29446 0.00400 0.1736762374 0.1909537048 
9.29666 0.00400 0.1740266533 0.1901010548 
9.29885 0.00400 0.1731897118 0.1892526541 
9.30103 0.00400 0.1717625218 0.1884085647 
9.30319 0.00400 0.1709398374 0.1875741932 
9.30535 0.00400 0.1701311764 0.1867540444 
9.30749 0.00400 0.1693264747 0.1859379111 
9.30963 0.00400 0.1685257908 0.1851258527 
9.31175 0.00400 0.1689139603 0.1843177935 
9.31386 0.00400 0.1681202825 0.1835136567 
9.31597 0.00400 0.1667388479 0.1827134670 
9.31806 0.00400 0.1659643024 0.1819283167 
9.32014 0.00400 0.1652423667 0.1811964964 
9.32222 0.00400 0.1645238976 0.1804681903 
9.32428 0.00400 0.1638088473 0.1797433497 
9.32633 0.00400 0.1630972010 0.1790219598 
9.32838 0.00400 0.1623889438 0.1783040054 
9.33041 0.00400 0.1616839928 0.1775894025 
9.33243 0.00400 0.1609822983 0.1768781005 
9.33445 0.00400 0.1602797590 0.1761659423 
9.33645 0.00400 0.1595782480 0.1754548265 
9.33845 0.00400 0.1588800266 0.1747470452 
9.34044 0.00400 0.1581850100 0.1740425127 
9.34242 0.00400 0.1574931815 0.1733412119 
9.34439 0.00400 0.1568027394 0.1726413164 
9.34635 0.00400 0.1561204984 0.1719497345 
9.34830 0.00400 0.1554431944 0.1712631570 
9.35025 0.00400 0.1559401558 0.1705797221 
9.35218 0.00400 0.1552681802 0.1698992362 
9.35411 0.00400 0.1551867376 0.1692244499 
9.35603 0.00400 0.1545353576 0.1685651544 
9.35793 0.00400 0.1538868444 0.1679087605 
9.35983 0.00400 0.1532411428 0.1672552124 
9.36173 0.00400 0.1525983021 0.1666045599 
9.36361 0.00400 0.1519583014 0.1659567820 
9.36549 0.00400 0.1495721732 0.1653117517 
9.36735 0.00400 0.1506865272 0.1646695533 
9.36921 0.00400 0.1494724045 0.1640300591 
9.37107 0.00400 0.1470976986 0.1633933534 
9.37291 0.00400 0.1482175805 0.1627593432 
9.37475 0.00400 0.1453008586 0.1621606174 
9.37657 0.00400 0.1447149984 0.1615661329 
9.37840 0.00400 0.1458739782 0.1609741928 
9.38021 0.00400 0.1429702588 0.1603847371 
9.38201 0.00400 0.1441326391 0.1597977412 
9.38381 0.00400 0.1412363522 0.1592131443 
9.38560 0.00400 0.1406632290 0.1586309933 
9.38739 0.00400 0.1424097146 0.1580512269 
9.38916 0.00400 0.1389450098 0.1574738559 
9.39093 0.00400 0.1406487447 0.1568527857 
9.39269 0.00400 0.1400186109 0.1562137003 
9.39445 0.00400 0.1364934325 0.1555698736 
9.39620 0.00400 0.1381737997 0.1549286424 
9.39794 0.00400 0.1375444416 0.1542900197 
9.39967 0.00400 0.1369175593 0.1536539092 
9.40140 0.00400 0.1362932010 0.1530203598 
9.40312 0.00400 0.1356713072 0.1523893113 
9.40483 0.00400 0.1350519261 0.1517608123 
9.40654 0.00400 0.1344349255 0.1511347290 
9.40824 0.00400 0.1332448462 0.1505111465 
9.40993 0.00400 0.1326330250 0.1498900035 
9.41162 0.00400 0.1320235459 0.1492712384 
9.41330 0.00400 0.1314368443 0.1486755977 
9.41497 0.00400 0.1325768931 0.1480837775 
9.41664 0.00400 0.1296976637 0.1474926981 
9.41830 0.00400 0.1291194276 0.1469053535 
9.41996 0.00400 0.1308372526 0.1463203185 
9.42160 0.00400 0.1302622986 0.1457374923 
9.42325 0.00400 0.1296894969 0.1451568480 
9.42488 0.00400 0.1291188939 0.1445784325 
9.42651 0.00400 0.1285503893 0.1440021441 
9.42813 0.00400 0.1279840660 0.1434280669 
9.42975 0.00400 0.1279823434 0.1428467838 
9.43136 0.00400 0.1279663376 0.1422516256 
9.43297 0.00400 0.1279565337 0.1416633472 
9.43457 0.00400 0.1273774130 0.1410771891 
9.43616 0.00400 0.1268003966 0.1404931609 
9.43775 0.00400 0.1262255683 0.1399113474 
9.43933 0.00400 0.1262227402 0.1393316082 
9.44091 0.00400 0.1256517682 0.1387539902 
9.44248 0.00400 0.1250828653 0.1381784654 
9.44404 0.00400 0.1245160406 0.1376050431 
9.44560 0.00400 0.1239512288 0.1370336571 
9.44716 0.00400 0.1233884763 0.1364643543 
9.44870 0.00400 0.1228276797 0.1358970302 
9.45025 0.00400 0.1222621398 0.1353249076 
9.45178 0.00400 0.1216842586 0.1347403001 
9.45332 0.00400 0.1216757416 0.1341577175 
9.45484 0.00400 0.1205345481 0.1335772073 
9.45636 0.00400 0.1199627370 0.1329987405 
9.45788 0.00400 0.1193928796 0.1324222502 
9.45939 0.00400 0.1188250602 0.1318478216 
9.46090 0.00400 0.1182592123 0.1312753874 
9.46240 0.00400 0.1182609421 0.1307049182 
9.46389 0.00400 0.1176986653 0.1301363844 
9.46538 0.00400 0.1171339417 0.1295653765 
9.46686 0.00400 0.1165912628 0.1290166587 
9.46834 0.00400 0.1160504494 0.1284698272 
9.46982 0.00400 0.1155114333 0.1279248129 
9.47129 0.00400 0.1149742983 0.1273817008 
9.47275 0.00400 0.1150026398 0.1268403827 
9.47421 0.00400 0.1144688296 0.1263009052 
9.47567 0.00400 0.1139582459 0.1257849006 
9.47712 0.00400 0.1134696286 0.1252910958 
9.47857 0.00400 0.1129814159 0.1247976999 
9.48001 0.00400 0.1124960724 0.1243072036 
9.48144 0.00400 0.1120122988 0.1238182939 
9.48287 0.00400 0.1115301395 0.1233310156 
9.48430 0.00400 0.1110496006 0.1228453749 
9.48572 0.00400 0.1105706109 0.1223612999 
9.48714 0.00400 0.1100931760 0.1218787962 
9.48855 0.00400 0.1096173406 0.1213979090 
9.48996 0.00400 0.1091429942 0.1209185265 
9.49136 0.00400 0.1086480526 0.1204183302 
9.49276 0.00400 0.1081533954 0.1199184213 
9.49415 0.00400 0.1076603472 0.1194201386 
9.49554 0.00400 0.1071688754 0.1189234489 
9.49693 0.00400 0.1072384408 0.1184283189 
9.49831 0.00400 0.1067498146 0.1179347546 
9.49969 0.00400 0.1062627836 0.1174428016 
9.50106 0.00400 0.1057773145 0.1169524263 
9.50243 0.00400 0.1052933742 0.1164635952 
9.50379 0.00400 0.1048109291 0.1159762745 
9.50515 0.00400 0.1043489989 0.1155096760 
9.50650 0.00400 0.1038992348 0.1150553665 
9.50785 0.00400 0.1034509287 0.1146025298 
9.50920 0.00400 0.1030039674 0.1141510515 
9.51054 0.00400 0.1025584345 0.1137010159 
9.51188 0.00400 0.1021142559 0.1132523484 
9.51322 0.00400 0.1016714363 0.1128050537 
9.51455 0.00400 0.1012300200 0.1123591764 
9.51587 0.00400 0.1007898929 0.1119146013 
9.51719 0.00400 0.1003511784 0.1114714531 
9.51851 0.00400 0.0999137225 0.1110295762 
9.51983 0.00400 0.0994776488 0.1105890955 
9.52114 0.00400 0.0990428823 0.1101499351 
9.52244 0.00400 0.0986094274 0.1097120997 
9.52374 0.00400 0.0981772487 0.1092755534 
9.52504 0.00400 0.0977493824 0.1088433630 
9.52634 0.00400 0.0973236455 0.1084133235 
9.52763 0.00400 0.0968991653 0.1079845535 
9.52891 0.00400 0.0964759461 0.1075570572 
9.53020 0.00400 0.0960539519 0.1071307983 
9.53148 0.00400 0.0956332268 0.1067058213 
9.53275 0.00400 0.0952126515 0.1062809956 
9.53403 0.00400 0.0947937128 0.1058578231 
9.53529 0.00400 0.0949238996 0.1054307451 
9.53656 0.00400 0.0945020752 0.1050048729 
9.53782 0.00400 0.0940815296 0.1045802918 
9.53908 0.00400 0.0936621459 0.1041568837 
9.54033 0.00400 0.0932440087 0.1037347341 
9.54158 0.00400 0.0928271221 0.1033138470 
9.54282 0.00400 0.0924113685 0.1028941039 
9.54407 0.00400 0.0919968328 0.1024755903 
9.54531 0.00400 0.0915834379 0.1020582285 
9.54654 0.00400 0.0911712684 0.1016421038 
9.54777 0.00400 0.0907667460 0.1012336996 
9.54900 0.00400 0.0903650952 0.1008281946 
9.55023 0.00400 0.0899644934 0.1004237486 
9.55145 0.00400 0.0895651066 0.1000205294 
9.55267 0.00400 0.0891667756 0.0996183760 
9.55388 0.00400 0.0887696261 0.0992174154 
9.55509 0.00400 0.0883735799 0.0988175688 
9.55630 0.00400 0.0879785997 0.0984187983 
9.55751 0.00400 0.0875846885 0.0980211073 
9.55871 0.00400 0.0871919318 0.0976245816 
9.55990 0.00400 0.0868002099 0.0972291008 
9.56110 0.00400 0.0864096491 0.0968347922 
9.56229 0.00400 0.0860200887 0.0964414936 
9.56348 0.00400 0.0856316138 0.0960492909 
9.56466 0.00400 0.0852442278 0.0956581875 
9.56585 0.00400 0.0848578515 0.0952681036 
9.56702 0.00400 0.0844725704 0.0948791254 
9.56820 0.00400 0.0840883053 0.0944911729 
9.56937 0.00400 0.0837050592 0.0941042491 
9.57054 0.00400 0.0833229178 0.0937184407 
9.57171 0.00400 0.0829417601 0.0933336255 
9.57287 0.00400 0.0825616307 0.0929498484 
9.57403 0.00400 0.0821825325 0.0925671123 
9.57519 0.00400 0.0818044270 0.0921853786 
9.57634 0.00400 0.0814389810 0.0918164257 
9.57749 0.00400 0.0810782925 0.0914522761 
9.57864 0.00400 0.0807186318 0.0910891642 
9.57978 0.00400 0.0803576299 0.0907246980 
9.58092 0.00400 0.0799901608 0.0903537028 
9.58206 0.00400 0.0796245869 0.0899846208 
9.58320 0.00400 0.0792599953 0.0896165306 
9.58433 0.00400 0.0788963052 0.0892493506 
9.58546 0.00400 0.0785336029 0.0888831678 
9.58659 0.00400 0.0781718492 0.0885179427 
9.58771 0.00400 0.0778110469 0.0881536781 
9.58883 0.00400 0.0774511147 0.0877902921 
9.58995 0.00400 0.0776361249 0.0874278716 
9.59106 0.00400 0.0772779275 0.0870664195 
9.59218 0.00400 0.0769246422 0.0867099241 
9.59329 0.00400 0.0765761552 0.0863582707 
9.59439 0.00400 0.0762285223 0.0860074790 
9.59550 0.00400 0.0758817456 0.0856575514 
9.59660 0.00400 0.0755358696 0.0853085327 
9.59769 0.00400 0.0751908546 0.0849603828 
9.59879 0.00400 0.0748467450 0.0846131465 
9.59988 0.00400 0.0745035010 0.0842667837 
9.60097 0.00400 0.0741611249 0.0839212967 
9.60206 0.00400 0.0738195767 0.0835766450 
9.60314 0.00400 0.0734789008 0.0832328737 
9.60422 0.00400 0.0731390573 0.0828899422 
9.60530 0.00400 0.0728000906 0.0825478956 
9.60638 0.00400 0.0724619607 0.0822066933 
9.60745 0.00400 0.0721246272 0.0818662947 
9.60852 0.00400 0.0717881772 0.0815267876 
9.60959 0.00400 0.0714525280 0.0811880886 
9.61066 0.00400 0.0705770287 0.0808502426 
9.61172 0.00400 0.0702431984 0.0805132089 
9.61278 0.00400 0.0699102174 0.0801770326 
9.61384 0.00400 0.0695779598 0.0798415867 
9.61490 0.00400 0.0692465983 0.0795070454 
9.61595 0.00400 0.0689160069 0.0791732817 
9.61700 0.00400 0.0685862732 0.0788403839 
9.61805 0.00400 0.0682572710 0.0785082246 
9.61909 0.00400 0.0679290878 0.0781768922 
9.62013 0.00400 0.0681408755 0.0778463453 
9.62117 0.00400 0.0678141285 0.0775166295 
9.62221 0.00400 0.0674881212 0.0771876600 
9.62325 0.00400 0.0671628554 0.0768594387 
9.62428 0.00400 0.0668376447 0.0765312730 
9.62531 0.00400 0.0665139101 0.0762045968 
9.62634 0.00400 0.0661910087 0.0758787615 
9.62737 0.00400 0.0658688997 0.0755537256 
9.62839 0.00400 0.0655438312 0.0752257034 
9.62941 0.00400 0.0652020656 0.0748808325 
9.63043 0.00400 0.0648610656 0.0745367340 
9.63144 0.00400 0.0645245525 0.0741971633 
9.63246 0.00400 0.0642059109 0.0738756264 
9.63347 0.00400 0.0638879861 0.0735548129 
9.63448 0.00400 0.0635708232 0.0732347681 
9.63548 0.00400 0.0632543807 0.0729154503 
9.63649 0.00400 0.0629387037 0.0725969050 
9.63749 0.00400 0.0626237507 0.0722790902 
9.63849 0.00400 0.0623095235 0.0719620078 
9.63949 0.00400 0.0625429521 0.0716565899 
9.64048 0.00400 0.0622494134 0.0713605335 
9.64147 0.00400 0.0619565896 0.0710651981 
9.64246 0.00400 0.0616643517 0.0707704536 
9.64345 0.00400 0.0613728317 0.0704764332 
9.64444 0.00400 0.0610819440 0.0701830505 
9.64542 0.00400 0.0607917774 0.0698903951 
9.64640 0.00400 0.0605022023 0.0695983363 
9.64738 0.00400 0.0602133076 0.0693069636 
9.64836 0.00400 0.0599250946 0.0690162786 
9.64933 0.00400 0.0596375212 0.0687262386 
9.65031 0.00400 0.0593505887 0.0684368450 
9.65128 0.00400 0.0590642547 0.0681480551 
9.65224 0.00400 0.0587785644 0.0678599143 
9.65321 0.00400 0.0584935631 0.0675724685 
9.65417 0.00400 0.0582091644 0.0672856305 
9.65514 0.00400 0.0579254136 0.0669994459 
9.65610 0.00400 0.0576422681 0.0667138718 
9.65705 0.00400 0.0573597733 0.0664289540 
9.65801 0.00400 0.0570778864 0.0661446493 
9.65896 0.00400 0.0567966089 0.0658609592 
9.65991 0.00400 0.0565159861 0.0655779294 
9.66086 0.00400 0.0562358870 0.0652954279 
9.66181 0.00400 0.0559565336 0.0650136785 
9.66276 0.00400 0.0556776623 0.0647324152 
9.66370 0.00400 0.0553987872 0.0644511481 
9.66464 0.00400 0.0551211927 0.0641711726 
9.66558 0.00400 0.0548441723 0.0638917762 
9.66652 0.00400 0.0545677717 0.0636130049 
9.66745 0.00400 0.0542919478 0.0633348152 
9.66839 0.00400 0.0540167462 0.0630572531 
9.66932 0.00400 0.0537421238 0.0627802752 
9.67025 0.00400 0.0534680818 0.0625038827 
9.67117 0.00400 0.0531946659 0.0622281217 
9.67210 0.00400 0.0529217884 0.0619529037 
9.67302 0.00400 0.0526494950 0.0616782747 
9.67394 0.00400 0.0523778315 0.0614042811 
9.67486 0.00400 0.0521066652 0.0611307890 
9.67578 0.00400 0.0518360867 0.0608578897 
9.67669 0.00400 0.0515661417 0.0605856293 
9.67761 0.00400 0.0512966975 0.0603138741 
9.67852 0.00400 0.0510278893 0.0600427602 
9.67943 0.00400 0.0507596289 0.0597721988 
9.68033 0.00400 0.0504918726 0.0595021459 
9.68124 0.00400 0.0502247558 0.0592327381 
9.68214 0.00400 0.0499523196 0.0589579651 
9.68305 0.00400 0.0496803835 0.0586836966 
9.68395 0.00400 0.0494089935 0.0584099788 
9.68484 0.00400 0.0491381508 0.0581368131 
9.68574 0.00400 0.0488679014 0.0578642457 
9.68663 0.00400 0.0485981566 0.0575921872 
9.68753 0.00400 0.0483290075 0.0573207296 
9.68842 0.00400 0.0480603652 0.0570497831 
9.68931 0.00400 0.0477923210 0.0567794398 
9.69019 0.00400 0.0475247858 0.0565096099 
9.69108 0.00400 0.0472608273 0.0562433874 
9.69196 0.00400 0.0470010839 0.0559814161 
9.69285 0.00400 0.0467418610 0.0557199698 
9.69373 0.00400 0.0464847860 0.0554606898 
9.69460 0.00400 0.0462293656 0.0552030786 
9.69548 0.00400 0.0459743364 0.0549458620 
9.69635 0.00400 0.0457198802 0.0546892233 
9.69723 0.00400 0.0454659528 0.0544331179 
9.69810 0.00400 0.0452124647 0.0541774555 
9.69897 0.00400 0.0449595526 0.0539223742 
9.69984 0.00400 0.0447064466 0.0536670972 
9.70070 0.00400 0.0444545080 0.0534129977 
9.70157 0.00400 0.0447299463 0.0531594366 
9.70243 0.00400 0.0444788588 0.0529063231 
9.70329 0.00400 0.0442283528 0.0526537959 
9.70415 0.00400 0.0439782927 0.0524017182 
9.70501 0.00400 0.0437287251 0.0521501370 
9.70586 0.00400 0.0434796509 0.0518990530 
9.70672 0.00400 0.0432310710 0.0516484674 
9.70757 0.00400 0.0429829863 0.0513983810 
9.70842 0.00400 0.0427353978 0.0511487948 
9.70927 0.00400 0.0424882607 0.0508996638 
9.71012 0.00400 0.0422416217 0.0506510346 
9.71096 0.00400 0.0419954815 0.0504029085 
9.71181 0.00400 0.0417497955 0.0501552402 
9.71265 0.00400 0.0415046103 0.0499080767 
9.71349 0.00400 0.0412598352 0.0496613265 
9.71433 0.00400 0.0410156542 0.0494151754 
9.71517 0.00400 0.0407718392 0.0491693932 
9.71600 0.00400 0.0405285286 0.0489241193 
9.71684 0.00400 0.0402857233 0.0486793549 
9.71767 0.00400 0.0400433322 0.0484350081 
9.71850 0.00400 0.0398014483 0.0481911725 
9.71933 0.00400 0.0395599803 0.0479477562 
9.72016 0.00400 0.0393190210 0.0477048528 
9.72098 0.00400 0.0390784795 0.0474623704 
9.72181 0.00400 0.0388384024 0.0472203562 
9.72263 0.00400 0.0385988368 0.0469788576 
9.72345 0.00400 0.0383596451 0.0467377360 
9.72427 0.00400 0.0381209666 0.0464971318 
9.72509 0.00400 0.0378826637 0.0462569060 
9.72591 0.00400 0.0376448755 0.0460171993 
9.72673 0.00400 0.0374075107 0.0457779193 
9.72754 0.00400 0.0371706163 0.0455391134 
9.72835 0.00400 0.0369341467 0.0453007359 
9.72916 0.00400 0.0366981028 0.0450627875 
9.72997 0.00400 0.0364625317 0.0448253156 
9.73078 0.00400 0.0362273879 0.0445882745 
9.73159 0.00400 0.0359926721 0.0443516649 
9.73239 0.00400 0.0357583851 0.0441154876 
9.73320 0.00400 0.0355239707 0.0438791818 
9.73400 0.00400 0.0352905898 0.0436439178 
9.73480 0.00400 0.0350575937 0.0434090417 
9.73560 0.00400 0.0348250294 0.0431746010 
9.73640 0.00400 0.0345920138 0.0429397053 
9.73719 0.00400 0.0343590118 0.0427048233 
9.73799 0.00400 0.0341264892 0.0424704246 
9.73878 0.00400 0.0338944002 0.0422364629 
9.73957 0.00400 0.0336626989 0.0420028922 
9.74036 0.00400 0.0334314327 0.0417697600 
9.74115 0.00400 0.0332006024 0.0415370672 
9.74194 0.00400 0.0329701154 0.0413047204 
9.74272 0.00400 0.0327401123 0.0410728616 
9.74351 0.00400 0.0325105474 0.0408414444 
9.74429 0.00400 0.0322817488 0.0406107997 
9.74507 0.00400 0.0320547941 0.0403820138 
9.74585 0.00400 0.0318282816 0.0401536737 
9.74663 0.00400 0.0316021185 0.0399256857 
9.74741 0.00400 0.0313763989 0.0396981450 
9.74819 0.00400 0.0311510770 0.0394710050 
9.74896 0.00400 0.0309262002 0.0392443138 
9.74974 0.00400 0.0307016754 0.0390179773 
9.75051 0.00400 0.0304775501 0.0387920437 
9.75128 0.00400 0.0302538252 0.0385665136 
9.75205 0.00400 0.0300305482 0.0383414351 
9.75282 0.00400 0.0298075788 0.0381166667 
9.75358 0.00400 0.0295851058 0.0378923986 
9.75435 0.00400 0.0293628946 0.0376683945 
9.75511 0.00400 0.0291411342 0.0374448448 
9.75587 0.00400 0.0289198251 0.0372217501 
9.75663 0.00400 0.0286988740 0.0369990162 
9.75739 0.00400 0.0284782814 0.0367766437 
9.75815 0.00400 0.0282580950 0.0365546808 
9.75891 0.00400 0.0280385047 0.0363333186 
9.75967 0.00400 0.0278194167 0.0361124630 
9.76042 0.00400 0.0276007847 0.0358920669 
9.76117 0.00400 0.0273824674 0.0356719881 
9.76193 0.00400 0.0271645128 0.0354522748 
9.76268 0.00400 0.0269470161 0.0352330233 
9.76343 0.00400 0.0267298360 0.0350140908 
9.76418 0.00400 0.0265124989 0.0347950001 
9.76492 0.00400 0.0262960481 0.0345768029 
9.76567 0.00400 0.0260799629 0.0343589742 
9.76641 0.00400 0.0258643391 0.0341416106 
9.76716 0.00400 0.0256490348 0.0339245691 
9.76790 0.00400 0.0254340505 0.0337078502 
9.76864 0.00400 0.0252195295 0.0334915983 
9.76938 0.00400 0.0250053296 0.0332756702 
9.77011 0.00400 0.0247914040 0.0330600185 
9.77085 0.00400 0.0245779435 0.0328448357 
9.77159 0.00400 0.0243648536 0.0326300264 
9.77232 0.00400 0.0241520873 0.0324155433 
9.77305 0.00400 0.0239396449 0.0322013869 
9.77379 0.00400 0.0237276703 0.0319877020 
9.77452 0.00400 0.0235159733 0.0317742968 
9.77525 0.00400 0.0233046497 0.0315612681 
9.77597 0.00400 0.0230936524 0.0313485684 
9.77670 0.00400 0.0233988559 0.0311362464 
9.77743 0.00400 0.0231885025 0.0309243026 
9.77815 0.00400 0.0229784773 0.0307126896 
9.77887 0.00400 0.0227687808 0.0305014077 
9.77960 0.00400 0.0225595094 0.0302905540 
9.78032 0.00400 0.0223505198 0.0300799845 
9.78104 0.00400 0.0221419086 0.0298697960 
9.78175 0.00400 0.0219336283 0.0296599411 
9.78247 0.00400 0.0217256795 0.0294504200 
9.78319 0.00400 0.0215180626 0.0292412334 
9.78390 0.00400 0.0213108262 0.0290324303 
9.78462 0.00400 0.0211039230 0.0288239627 
9.78533 0.00400 0.0208973533 0.0286158313 
9.78604 0.00400 0.0206911178 0.0284080365 
9.78675 0.00400 0.0204852169 0.0282005789 
9.78746 0.00400 0.0202796511 0.0279934590 
9.78817 0.00400 0.0200744694 0.0277867259 
9.78887 0.00400 0.0198695756 0.0275802831 
9.78958 0.00400 0.0196650186 0.0273741795 
9.79028 0.00400 0.0194607989 0.0271684158 
9.79099 0.00400 0.0192569170 0.0269629925 
9.79169 0.00400 0.0190533735 0.0267579101 
9.79239 0.00400 0.0188503621 0.0265533638 
9.79309 0.00400 0.0186471584 0.0263486238 
9.79379 0.00400 0.0184447781 0.0261447134 
9.79449 0.00400 0.0182427383 0.0259411461 
9.79518 0.00400 0.0180410396 0.0257379225 
9.79588 0.00400 0.0178395857 0.0255349455 
9.79657 0.00400 0.0176385707 0.0253324107 
9.79727 0.00400 0.0174378015 0.0251301236 
9.79796 0.00400 0.0172373753 0.0249281821 
9.79865 0.00400 0.0170372442 0.0247265379 
9.79934 0.00400 0.0168375543 0.0245253383 
9.80003 0.00400 0.0166382577 0.0243245349 
9.80072 0.00400 0.0164393064 0.0241240794 
9.80140 0.00400 0.0162405550 0.0239238253 
9.80209 0.00400 0.0160421985 0.0237239691 
9.80277 0.00400 0.0158441886 0.0235244622 
9.80346 0.00400 0.0156464286 0.0233252071 
9.80414 0.00400 0.0154490164 0.0231263023 
9.80482 0.00400 0.0152518549 0.0229276501 
9.80550 0.00400 0.0150550420 0.0227293493 
9.80618 0.00400 0.0148585783 0.0225314002 
9.80686 0.00400 0.0146624154 0.0223337542 
9.80753 0.00400 0.0144665050 0.0221363627 
9.80821 0.00400 0.0142709453 0.0219393244 
9.80888 0.00400 0.0140755900 0.0217424921 
9.80956 0.00400 0.0138806840 0.0215461126 
9.81023 0.00400 0.0136859833 0.0213499399 
9.81090 0.00400 0.0134915862 0.0211540730 
9.81157 0.00400 0.0132975421 0.0209585618 
9.81224 0.00400 0.0131038023 0.0207633573 
9.81291 0.00400 0.0129103186 0.0205684107 
9.81358 0.00400 0.0127171401 0.0203737717 
9.81425 0.00400 0.0125242185 0.0201793915 
9.81491 0.00400 0.0123316520 0.0199853692 
9.81558 0.00400 0.0121393923 0.0197916558 
9.81624 0.00400 0.0119473906 0.0195982025 
9.81690 0.00400 0.0117556964 0.0194050591 
9.81756 0.00400 0.0115643102 0.0192122259 
9.81822 0.00400 0.0113731833 0.0190196540 
9.81888 0.00400 0.0111823652 0.0188273932 
9.81954 0.00400 0.0109918072 0.0186353945 
9.82020 0.00400 0.0108010664 0.0184432116 
9.82086 0.00400 0.0106111280 0.0182518371 
9.82151 0.00400 0.0104214509 0.0180607260 
9.82217 0.00400 0.0102320848 0.0178699281 
9.82282 0.00400 0.0100429808 0.0176793944 
9.82347 0.00400 0.0098541393 0.0174891252 
9.82413 0.00400 0.0096656594 0.0172992203 
9.82478 0.00400 0.0094773934 0.0171095310 
9.82543 0.00400 0.0092894405 0.0169201571 
9.82607 0.00400 0.0091017518 0.0167310493 
9.82672 0.00400 0.0089143275 0.0165422080 
9.82737 0.00400 0.0087280093 0.0163544812 
9.82801 0.00400 0.0085421056 0.0161671719 
9.82866 0.00400 0.0083564684 0.0159801312 
9.82930 0.00400 0.0081710980 0.0157933593 
9.82995 0.00400 0.0079859949 0.0156068567 
9.83059 0.00400 0.0078011594 0.0154206238 
9.83123 0.00400 0.0076165918 0.0152346608 
9.83187 0.00400 0.0074323423 0.0150490182 
9.83251 0.00400 0.0072483119 0.0148635965 
9.83315 0.00400 0.0070645506 0.0146784459 
9.83378 0.00400 0.0068811582 0.0144936670 
9.83442 0.00400 0.0066978867 0.0143090098 
9.83506 0.00400 0.0065149848 0.0141247251 
9.83569 0.00400 0.0063323536 0.0139407131 
9.83632 0.00400 0.0061499437 0.0137569241 
9.83696 0.00400 0.0059678052 0.0135734086 
9.83759 0.00400 0.0057859384 0.0133901668 
9.83822 0.00400 0.0056043438 0.0132071992 
9.83885 0.00400 0.0054229718 0.0130244560 
9.83948 0.00400 0.0052419226 0.0128420380 
9.84010 0.00400 0.0050610968 0.0126598450 
9.84073 0.00400 0.0048805944 0.0124779780 
9.84136 0.00400 0.0047002663 0.0122962864 
9.84198 0.00400 0.0045202124 0.0121148712 
9.84261 0.00400 0.0043404832 0.0119337832 
9.84323 0.00400 0.0041609790 0.0117529219 
9.84385 0.00400 0.0039817004 0.0115722878 
9.84448 0.00400 0.0038026974 0.0113919315 
9.84510 0.00400 0.0036240208 0.0112119040 
9.84572 0.00400 0.0034450696 0.0110315999 
9.84634 0.00400 0.0032668459 0.0108520287 
9.84696 0.00400 0.0030887992 0.0106726359 
9.84757 0.00400 0.0029110802 0.0104935733 
9.84819 0.00400 0.0027336893 0.0103148412 
9.84880 0.00400 0.0025564262 0.0101362379 
9.84942 0.00400 0.0023794417 0.0099579153 
9.85003 0.00400 0.0022027361 0.0097798737 
9.85065 0.00400 0.0020263099 0.0096021136 
9.85126 0.00400 0.0018489064 0.0094233689 
9.85187 0.00400 0.0016714298 0.0092445505 
9.85248 0.00400 0.0014941318 0.0090659120 
9.85309 0.00400 0.0013171635 0.0088876058 
9.85370 0.00400 0.0011403744 0.0087094800 
9.85431 0.00400 0.0009638654 0.0085316366 
9.85491 0.00400 0.0007875361 0.0083539742 
9.85552 0.00400 0.0006115381 0.0081766455 
9.85612 0.00400 0.0009400227 0.0079995493 
9.85673 0.00400 0.0007643981 0.0078226861 
9.85733 0.00400 0.0005870350 0.0076440720 
9.85793 0.00400 0.0004145512 0.0074703717 
9.85854 0.00400 0.0002423522 0.0072969582 
9.85914 0.00400 0.0000703373 0.0071237301 
9.85974 0.00400 -0.0001014427 0.0069507385 
9.86034 0.00400 -0.0002729369 0.0067780348 
9.86094 0.00400 -0.0004441955 0.0066055684 
9.86153 0.00400 -0.0006152688 0.0064332885 
9.86213 0.00400 -0.0007861060 0.0062612464 
9.86273 0.00400 -0.0009566560 0.0060894935 
9.86332 0.00400 -0.0011270200 0.0059179280 
9.86392 0.00400 -0.0012971468 0.0057466012 
9.86451 0.00400 -0.0014670363 0.0055755135 
9.86510 0.00400 -0.0016366374 0.0054047163 
9.86569 0.00400 -0.0018061020 0.0052340565 
9.86629 0.00400 -0.0019752266 0.0050637390 
9.86688 0.00400 -0.0021442144 0.0048935594 
9.86747 0.00400 -0.0023129632 0.0047236204 
9.86805 0.00400 -0.0024814220 0.0045539735 
9.86864 0.00400 -0.0026496921 0.0043845166 
9.86923 0.00400 -0.0028177734 0.0042152499 
9.86982 0.00400 -0.0029860221 0.0040458146 
9.87040 0.00400 -0.0031536230 0.0038770315 
9.87099 0.00400 -0.0033209324 0.0037085421 
9.87157 0.00400 -0.0034881027 0.0035401928 
9.87216 0.00400 -0.0036549808 0.0033721377 
9.87274 0.00400 -0.0038216683 0.0032042746 
9.87332 0.00400 -0.0039881139 0.0030366550 
9.87390 0.00400 -0.0041543685 0.0028692279 
9.87448 0.00400 -0.0043203807 0.0027020449 
9.87506 0.00400 -0.0044861501 0.0025351063 
9.87564 0.00400 -0.0046517787 0.0023683095 
9.87622 0.00400 -0.0048171129 0.0022018092 
9.87679 0.00400 -0.0049822547 0.0020355027 
9.87737 0.00400 -0.0051471526 0.0018694418 
9.87795 0.00400 -0.0053118576 0.0017035751 
9.87852 0.00400 -0.0054763182 0.0015379547 
9.87910 0.00400 -0.0056405851 0.0013725291 
9.87967 0.00400 -0.0058046072 0.0012073502 
9.88024 0.00400 -0.0059684865 0.0010423151 
9.88081 0.00400 -0.0061320689 0.0008775790 
9.88138 0.00400 -0.0062954568 0.0007130387 
9.88195 0.00400 -0.0064586499 0.0005486946 
9.88252 0.00400 -0.0066215966 0.0003845987 
9.88309 0.00400 -0.0067843480 0.0002206994 
9.88366 0.00400 -0.0069469038 0.0000569971 
9.88423 0.00400 -0.0071092380 -0.0001064820 
9.88479 0.00400 -0.0072713505 -0.0002697379 
9.88536 0.00400 -0.0074332667 -0.0004327960 
9.88593 0.00400 -0.0075949347 -0.0005956043 
9.88649 0.00400 -0.0077564317 -0.0007582403 
9.88705 0.00400 -0.0079176800 -0.0009206259 
9.88762 0.00400 -0.0080787568 -0.0010828387 
9.88818 0.00400 -0.0082396101 -0.0012448265 
9.88874 0.00400 -0.0084002656 -0.0014066151 
9.88930 0.00400 -0.0085606715 -0.0015681523 
9.88986 0.00400 -0.0087209305 -0.0017295416 
9.89042 0.00400 -0.0088809393 -0.0018906789 
9.89098 0.00400 -0.0090407492 -0.0020516160 
9.89154 0.00400 -0.0092003859 -0.0022123785 
9.89209 0.00400 -0.0093597973 -0.0023729143 
9.89265 0.00400 -0.0095193711 -0.0025336136 
9.89321 0.00400 -0.0096783833 -0.0026937472 
9.89376 0.00400 -0.0098371695 -0.0028536533 
9.89432 0.00400 -0.0099957812 -0.0030133837 
9.89487 0.00400 -0.0101541664 -0.0031728860 
9.89542 0.00400 -0.0103123509 -0.0033321861 
9.89597 0.00400 -0.0104703601 -0.0034913097 
9.89653 0.00400 -0.0106281162 -0.0036501785 
9.89708 0.00400 -0.0107856966 -0.0038088703 
9.89763 0.00400 -0.0109431012 -0.0039673851 
9.89818 0.00400 -0.0111002779 -0.0041256703 
9.89872 0.00400 -0.0112572782 -0.0042837779 
9.89927 0.00400 -0.0114138163 -0.0044414200 
9.89982 0.00400 -0.0115701514 -0.0045988577 
9.90037 0.00400 -0.0117262833 -0.0047560909 
9.90091 0.00400 -0.0118822119 -0.0049131192 
9.90146 0.00400 -0.0120379627 -0.0050699685 
9.90200 0.00400 -0.0121935358 -0.0052266388 
9.90255 0.00400 -0.0123488786 -0.0053830772 
9.90309 0.00400 -0.0125040431 -0.0055393361 
9.90363 0.00400 -0.0126590031 -0.0056953890 
9.90417 0.00400 -0.0128137843 -0.0058512618 
9.90471 0.00400 -0.0129683604 -0.0060069281 
9.90526 0.00400 -0.0131227572 -0.0061624140 
9.90580 0.00400 -0.0132769486 -0.0063176928 
9.90633 0.00400 -0.0134309603 -0.0064727908 
9.90687 0.00400 -0.0135847661 -0.0066276813 
9.90741 0.00400 -0.0137383655 -0.0067823641 
9.90795 0.00400 -0.0138918108 -0.0069368916 
9.90848 0.00400 -0.0140450495 -0.0070912110 
9.90902 0.00400 -0.0141981073 -0.0072453484 
9.90955 0.00400 -0.0143509580 -0.0073992771 
9.91009 0.00400 -0.0145036537 -0.0075530498 
9.91062 0.00400 -0.0146561419 -0.0077066134 
9.91116 0.00400 -0.0148084222 -0.0078599677 
9.91169 0.00400 -0.0149605468 -0.0080131653 
9.91222 0.00400 -0.0151124894 -0.0081661795 
9.91275 0.00400 -0.0152642235 -0.0083189838 
9.91328 0.00400 -0.0154157752 -0.0084716043 
9.91381 0.00400 -0.0155671441 -0.0086240408 
9.91434 0.00400 -0.0157187235 -0.0087766894 
9.91487 0.00400 -0.0158697266 -0.0089287574 
9.91540 0.00400 -0.0160205462 -0.0090806408 
9.91593 0.00400 -0.0161711824 -0.0092323393 
9.91645 0.00400 -0.0163216085 -0.0093838264 
9.91698 0.00400 -0.0164719032 -0.0095351811 
9.91751 0.00400 -0.0166219611 -0.0096862974 
9.91803 0.00400 -0.0167718609 -0.0098372544 
9.91855 0.00400 -0.0169216024 -0.0099880520 
9.91908 0.00400 -0.0170710276 -0.0101385311 
9.91960 0.00400 -0.0172201887 -0.0102887442 
9.92012 0.00400 -0.0173691908 -0.0104387972 
9.92064 0.00400 -0.0175180074 -0.0105886633 
9.92117 0.00400 -0.0176666381 -0.0107383424 
9.92169 0.00400 -0.0178151092 -0.0108878606 
9.92221 0.00400 -0.0179633943 -0.0110371915 
9.92272 0.00400 -0.0181114929 -0.0111863346 
9.92324 0.00400 -0.0182594049 -0.0113352899 
9.92376 0.00400 -0.0184071829 -0.0114841101 
9.92428 0.00400 -0.0185547476 -0.0116327156 
9.92480 0.00400 -0.0187026005 -0.0117816112 
9.92531 0.00400 -0.0188503719 -0.0119304249 
9.92583 0.00400 -0.0189980090 -0.0120791033 
9.92634 0.00400 -0.0191454323 -0.0122275664 
9.92686 0.00400 -0.0192927209 -0.0123758938 
9.92737 0.00400 -0.0194397952 -0.0125240054 
9.92788 0.00400 -0.0195867080 -0.0126719543 
9.92839 0.00400 -0.0197334326 -0.0128197137 
9.92891 0.00400 -0.0198800217 -0.0129673367 
9.92942 0.00400 -0.0200264222 -0.0131147698 
9.92993 0.00400 -0.0201726340 -0.0132620128 
9.93044 0.00400 -0.0203187097 -0.0134091188 
9.93095 0.00400 -0.0204645963 -0.0135560342 
9.93146 0.00400 -0.0206102669 -0.0137027323 
9.93196 0.00400 -0.0207558276 -0.0138493195 
9.93247 0.00400 -0.0209011719 -0.0139956889 
9.93298 0.00400 -0.0210464059 -0.0141419473 
9.93349 0.00400 -0.0211914231 -0.0142879873 
9.93399 0.00400 -0.0213363032 -0.0144338892 
9.93450 0.00400 -0.0214809927 -0.0145795992 
9.93500 0.00400 -0.0216258903 -0.0147255187 
9.93551 0.00400 -0.0217703046 -0.0148709516 
9.93601 0.00400 -0.0219145810 -0.0150162455 
9.93651 0.00400 -0.0220586661 -0.0151613469 
9.93702 0.00400 -0.0222026130 -0.0153063090 
9.93752 0.00400 -0.0223463683 -0.0154510782 
9.93802 0.00400 -0.0224899583 -0.0155956809 
9.93852 0.00400 -0.0226333829 -0.0157401171 
9.93902 0.00400 -0.0227766420 -0.0158843866 
9.93952 0.00400 -0.0229197352 -0.0160284890 
9.94002 0.00400 -0.0230626626 -0.0161724244 
9.94052 0.00400 -0.0232054505 -0.0163162194 
9.94102 0.00400 -0.0233480454 -0.0164598200 
9.94151 0.00400 -0.0234905005 -0.0166032799 
9.94201 0.00400 -0.0236327890 -0.0167465719 
9.94251 0.00400 -0.0237748840 -0.0168896690 
9.94300 0.00400 -0.0239168386 -0.0170326248 
9.94350 0.00400 -0.0240586260 -0.0171754123 
9.94399 0.00400 -0.0242002729 -0.0173180582 
9.94449 0.00400 -0.0243417254 -0.0174605083 
9.94498 0.00400 -0.0244830370 -0.0176028166 
9.94547 0.00400 -0.0246241806 -0.0177449557 
9.94597 0.00400 -0.0247651830 -0.0178869526 
9.94646 0.00400 -0.0249060171 -0.0180287800 
9.94695 0.00400 -0.0250466829 -0.0181704378 
9.94744 0.00400 -0.0251871800 -0.0183119259 
9.94793 0.00400 -0.0253275352 -0.0184532710 
9.94842 0.00400 -0.0254677214 -0.0185944459 
9.94891 0.00400 -0.0256077654 -0.0187354776 
9.94940 0.00400 -0.0257476401 -0.0188763388 
9.94988 0.00400 -0.0258873453 -0.0190170293 
9.95037 0.00400 -0.0260269346 -0.0191576032 
9.95086 0.00400 -0.0261663004 -0.0192979519 
9.95134 0.00400 -0.0263055768 -0.0194382106 
9.95183 0.00400 -0.0264446563 -0.0195782710 
9.95232 0.00400 -0.0265836192 -0.0197182139 
9.95280 0.00400 -0.0267223846 -0.0198579581 
9.95328 0.00400 -0.0268610064 -0.0199975576 
9.95377 0.00400 -0.0269994843 -0.0201370121 
9.95429 0.00400 -0.0271377912 -0.0202762945 
9.95477 0.00400 -0.0272872965 -0.0204268543 
9.95526 0.00400 -0.0274252915 -0.0205658225 
9.95574 0.00400 -0.0275631419 -0.0207046452 
9.95622 0.00400 -0.0277008476 -0.0208433221 
9.95670 0.00400 -0.0278383815 -0.0209818260 
9.95718 0.00400 -0.0279757704 -0.0211201839 
9.95766 0.00400 -0.0281129871 -0.0212583683 
9.95814 0.00400 -0.0282500584 -0.0213964064 
9.95861 0.00400 -0.0283870113 -0.0215343252 
9.95909 0.00400 -0.0285237915 -0.0216720701 
9.95957 0.00400 -0.0286604259 -0.0218096682 
9.96005 0.00400 -0.0287969143 -0.0219471193 
9.96052 0.00400 -0.0289332567 -0.0220844232 
9.96100 0.00400 -0.0290694257 -0.0222215526 
9.96147 0.00400 -0.0292054753 -0.0223585618 
9.96195 0.00400 -0.0293413784 -0.0224954234 
9.96242 0.00400 -0.0294770806 -0.0226320827 
9.96289 0.00400 -0.0296126631 -0.0227686214 
9.96337 0.00400 -0.0297481255 -0.0229050393 
9.96384 0.00400 -0.0298834137 -0.0230412816 
9.96431 0.00400 -0.0300185545 -0.0231773756 
9.96478 0.00400 -0.0301535479 -0.0233133210 
9.96525 0.00400 -0.0302884208 -0.0234491451 
9.96572 0.00400 -0.0304231186 -0.0235847930 
9.96619 0.00400 -0.0305576686 -0.0237202920 
9.96666 0.00400 -0.0306920976 -0.0238556691 
9.96713 0.00400 -0.0308263784 -0.0239908970 
9.96760 0.00400 -0.0309604836 -0.0241259480 
9.96807 0.00400 -0.0310944675 -0.0242608768 
9.96854 0.00400 -0.0312283027 -0.0243956559 
9.96900 0.00400 -0.0308740101 -0.0245302851 
9.96947 0.00400 -0.0310076419 -0.0246647917 
9.96994 0.00400 -0.0311411246 -0.0247991481 
9.97040 0.00400 -0.0312744578 -0.0249333541 
9.97087 0.00400 -0.0314076416 -0.0250674097 
9.97133 0.00400 -0.0315406757 -0.0252013146 
9.97179 0.00400 -0.0316735600 -0.0253350687 
9.97226 0.00400 -0.0318063216 -0.0254686994 
9.97272 0.00400 -0.0319389605 -0.0256022064 
9.97322 0.00400 -0.0320714490 -0.0257355622 
9.97368 0.00400 -0.0322146239 -0.0258796743 
9.97414 0.00400 -0.0323468149 -0.0260127306 
9.97460 0.00400 -0.0324790191 -0.0261458002 
9.97506 0.00400 -0.0326112365 -0.0262788830 
9.97552 0.00400 -0.0327433304 -0.0264118416 
9.97598 0.00400 -0.0328752734 -0.0265446483 
9.97644 0.00400 -0.0330070653 -0.0266773029 
9.97690 0.00400 -0.0331387334 -0.0268098329 
9.97736 0.00400 -0.0332702501 -0.0269422105 
9.97782 0.00400 -0.0334016427 -0.0270744632 
9.97827 0.00400 -0.0335329111 -0.0272065908 
9.97873 0.00400 -0.0336640003 -0.0273385380 
9.97919 0.00400 -0.0337949649 -0.0274703599 
9.97964 0.00400 -0.0339258049 -0.0276020564 
9.98010 0.00400 -0.0340565200 -0.0277336272 
9.98055 0.00400 -0.0341870829 -0.0278650447 
9.98101 0.00400 -0.0343174932 -0.0279963087 
9.98146 0.00400 -0.0344477784 -0.0281274466 
9.98191 0.00400 -0.0345779382 -0.0282584585 
9.98237 0.00400 -0.0347079451 -0.0283893164 
9.98282 0.00400 -0.0348378539 -0.0285200755 
9.98327 0.00400 -0.0349675820 -0.0286506528 
9.98372 0.00400 -0.0350971844 -0.0287811035 
9.98417 0.00400 -0.0352266606 -0.0289114273 
9.98462 0.00400 -0.0353559833 -0.0290415965 
9.98507 0.00400 -0.0354852072 -0.0291716663 
9.98552 0.00400 -0.0356143048 -0.0293016089 
9.98597 0.00400 -0.0357432208 -0.0294313688 
9.98642 0.00400 -0.0358720102 -0.0295610012 
9.98687 0.00400 -0.0360007279 -0.0296905615 
9.98731 0.00400 -0.0361292637 -0.0298199386 
9.98776 0.00400 -0.0362576724 -0.0299491878 
9.98821 0.00400 -0.0363859540 -0.0300783092 
9.98865 0.00400 -0.0365140807 -0.0302072746 
9.98910 0.00400 -0.0366420800 -0.0303361118 
9.98955 0.00400 -0.0367699518 -0.0304648206 
9.98999 0.00400 -0.0368977236 -0.0305934287 
9.99044 0.00400 -0.0370252019 -0.0307217415 
9.99088 0.00400 -0.0371520553 -0.0308494252 
9.99136 0.00400 -0.0372787526 -0.0309769519 
9.99180 0.00400 -0.0374156817 -0.0311147773 
9.99224 0.00400 -0.0375421248 -0.0312420480 
9.99269 0.00400 -0.0376684392 -0.0313691893 
9.99313 0.00400 -0.0377945969 -0.0314961728 
9.99357 0.00400 -0.0379206533 -0.0316230543 
9.99401 0.00400 -0.0380465805 -0.0317498058 
9.99445 0.00400 -0.0381723784 -0.0318764272 
9.99489 0.00400 -0.0382980469 -0.0320029183 
9.99533 0.00400 -0.0384238074 -0.0321295020 
9.99577 0.00400 -0.0385496045 -0.0322561226 
9.99621 0.00400 -0.0386752721 -0.0323826127 
9.99665 0.00400 -0.0388007823 -0.0325089445 
9.99708 0.00400 -0.0389261904 -0.0326351735 
9.99752 0.00400 -0.0390515240 -0.0327613275 
9.99796 0.00400 -0.0391766721 -0.0328872948 
9.99839 0.00400 -0.0393017178 -0.0330131590 
9.99883 0.00400 -0.0394266054 -0.0331388641 
9.99926 0.00400 -0.0395513903 -0.0332644659 
9.99970 0.00400 -0.0396760447 -0.0333899363 
10.00013 0.00400 -0.0398005685 -0.0335152751 
10.00057 0.00400 -0.0399249892 -0.0336405103 
10.00100 0.00400 -0.0400492513 -0.0337655858 
10.00144 0.00400 -0.0401734101 -0.0338905573 
10.00187 0.00400 -0.0402974657 -0.0340154249 
10.00230 0.00400 -0.0404213621 -0.0341401323 
10.00273 0.00400 -0.0405451550 -0.0342647356 
10.00316 0.00400 -0.0406688164 -0.0343892064 
10.00360 0.00400 -0.0407923741 -0.0345135729 
10.00403 0.00400 -0.0409157999 -0.0346378067 
10.00446 0.00400 -0.0410390940 -0.0347619078 
10.00489 0.00400 -0.0411622839 -0.0348859041 
10.00532 0.00400 -0.0412853418 -0.0350097675 
10.00574 0.00400 -0.0414082675 -0.0351334978 
10.00617 0.00400 -0.0415310609 -0.0352570950 
10.00660 0.00400 -0.0416537496 -0.0353805869 
10.00703 0.00400 -0.0417763059 -0.0355039454 
10.00746 0.00400 -0.0418987574 -0.0356271984 
10.00788 0.00400 -0.0420211040 -0.0357503459 
10.00831 0.00400 -0.0421432898 -0.0358733315 
10.00877 0.00400 -0.0422653985 -0.0359962395 
10.00920 0.00400 -0.0423973795 -0.0361290844 
10.00962 0.00400 -0.0425192246 -0.0362517271 
10.01005 0.00400 -0.0426409364 -0.0363742356 
10.01047 0.00400 -0.0427625426 -0.0364966378 
10.01089 0.00400 -0.0428840152 -0.0366189056 
10.01132 0.00400 -0.0430053822 -0.0367410669 
10.01174 0.00400 -0.0431266152 -0.0368630936 
10.01216 0.00400 -0.0432477424 -0.0369850136 
10.01259 0.00400 -0.0433687634 -0.0371068268 
10.01301 0.00400 -0.0434896223 -0.0372284769 
10.01343 0.00400 -0.0436104310 -0.0373500763 
10.01385 0.00400 -0.0437310773 -0.0374715123 
10.01427 0.00400 -0.0438516171 -0.0375928412 
10.01469 0.00400 -0.0439720503 -0.0377140628 
10.01511 0.00400 -0.0440923488 -0.0378351487 
10.01553 0.00400 -0.0442125406 -0.0379561272 
10.01595 0.00400 -0.0443325974 -0.0380769698 
10.01637 0.00400 -0.0444525471 -0.0381977048 
10.01679 0.00400 -0.0445723898 -0.0383183320 
10.01720 0.00400 -0.0446921253 -0.0384388512 
10.01762 0.00400 -0.0448117535 -0.0385592625 
10.01804 0.00400 -0.0449312462 -0.0386795374 
10.01846 0.00400 -0.0450506314 -0.0387997040 
10.01887 0.00400 -0.0451698809 -0.0389197341 
10.01929 0.00400 -0.0452890226 -0.0390396557 
10.01970 0.00400 -0.0454080847 -0.0391594971 
10.02012 0.00400 -0.0455270107 -0.0392792016 
10.02053 0.00400 -0.0456458006 -0.0393987691 
10.02095 0.00400 -0.0457645105 -0.0395182560 
10.02136 0.00400 -0.0458831122 -0.0396376341 
10.02177 0.00400 -0.0460015492 -0.0397568464 
10.02219 0.00400 -0.0461199060 -0.0398759779 
10.02260 0.00400 -0.0462381825 -0.0399950286 
10.02301 0.00400 -0.0463563221 -0.0401139415 
10.02342 0.00400 -0.0464743531 -0.0402327451 
10.02384 0.00400 -0.0465922470 -0.0403514107 
10.02425 0.00400 -0.0467100602 -0.0404699951 
10.02466 0.00400 -0.0468277362 -0.0405884414 
10.02507 0.00400 -0.0469453030 -0.0407067778 
10.02551 0.00400 -0.0470627889 -0.0408250327 
10.02592 0.00400 -0.0471897175 -0.0409527922 
10.02633 0.00400 -0.0473069590 -0.0410708011 
10.02674 0.00400 -0.0474240910 -0.0411886999 
10.02715 0.00400 -0.0475410851 -0.0413064598 
10.02755 0.00400 -0.0476579978 -0.0414241377 
10.02796 0.00400 -0.0477748006 -0.0415417052 
10.02837 0.00400 -0.0478914653 -0.0416591335 
10.02878 0.00400 -0.0480080482 -0.0417764796 
10.02918 0.00400 -0.0481245211 -0.0418937148 
10.02959 0.00400 -0.0482408837 -0.0420108392 
10.02999 0.00400 -0.0483571077 -0.0421278239 
10.03040 0.00400 -0.0484732780 -0.0422447547 
10.03080 0.00400 -0.0485892811 -0.0423615171 
10.03121 0.00400 -0.0487052020 -0.0424781968 
10.03161 0.00400 -0.0488210121 -0.0425947650 
10.03202 0.00400 -0.0489367399 -0.0427112503 
10.03242 0.00400 -0.0490523285 -0.0428275955 
10.03282 0.00400 -0.0491678344 -0.0429438575 
10.03323 0.00400 -0.0492832293 -0.0430600077 
10.03363 0.00400 -0.0493984845 -0.0431760174 
10.03403 0.00400 -0.0495136570 -0.0432919438 
10.03443 0.00400 -0.0496287181 -0.0434077581 
10.03483 0.00400 -0.0497436961 -0.0435234887 
10.03523 0.00400 -0.0498585343 -0.0436390785 
10.03563 0.00400 -0.0499732891 -0.0437545846 
10.03603 0.00400 -0.0500879323 -0.0438699782 
10.03643 0.00400 -0.0502024637 -0.0439852593 
10.03683 0.00400 -0.0503168831 -0.0441004276 
10.03723 0.00400 -0.0504312190 -0.0442155120 
10.03763 0.00400 -0.0505454143 -0.0443304548 
10.03803 0.00400 -0.0506595543 -0.0444453419 
10.03843 0.00400 -0.0507735251 -0.0445600588 
10.03882 0.00400 -0.0508874405 -0.0446747199 
10.03922 0.00400 -0.0510012434 -0.0447892677 
10.03962 0.00400 -0.0511149338 -0.0449037022 
10.04002 0.00400 -0.0512285400 -0.0450180521 
10.04041 0.00400 -0.0513420334 -0.0451322884 
10.04081 0.00400 -0.0514554141 -0.0452464112 
10.04120 0.00400 -0.0515686817 -0.0453604203 
10.04163 0.00400 -0.0516818649 -0.0454743444 
10.04202 0.00400 -0.0518042183 -0.0455974987 
10.04242 0.00400 -0.0519172062 -0.0457112262 
10.04281 0.00400 -0.0520300521 -0.0458248108 
10.04321 0.00400 -0.0521428133 -0.0459383100 
10.04360 0.00400 -0.0522554895 -0.0460517238 
10.04399 0.00400 -0.0523680236 -0.0461649945 
10.04438 0.00400 -0.0524804726 -0.0462781796 
10.04478 0.00400 -0.0525928364 -0.0463912789 
10.04517 0.00400 -0.0527050863 -0.0465042636 
10.04556 0.00400 -0.0528172510 -0.0466171625 
10.04595 0.00400 -0.0529292730 -0.0467299178 
10.04634 0.00400 -0.0530412381 -0.0468426158 
10.04673 0.00400 -0.0531530604 -0.0469551700 
10.04712 0.00400 -0.0532648256 -0.0470676669 
10.04751 0.00400 -0.0533764765 -0.0471800486 
10.04790 0.00400 -0.0534880130 -0.0472923152 
10.04829 0.00400 -0.0535994634 -0.0474044952 
10.04868 0.00400 -0.0537108280 -0.0475165887 
10.04907 0.00400 -0.0538220491 -0.0476285378 
10.04945 0.00400 -0.0539332127 -0.0477404291 
10.04984 0.00400 -0.0540442615 -0.0478522048 
10.05023 0.00400 -0.0541551952 -0.0479638647 
10.05062 0.00400 -0.0542660426 -0.0480754376 
10.05100 0.00400 -0.0543768322 -0.0481869525 
10.05139 0.00400 -0.0544874491 -0.0482982934 
10.05177 0.00400 -0.0545980081 -0.0484095761 
10.05216 0.00400 -0.0547084516 -0.0485207426 
10.05254 0.00400 -0.0548188371 -0.0486318507 
10.05293 0.00400 -0.0549291071 -0.0487428424 
10.05331 0.00400 -0.0550392613 -0.0488537177 
10.05370 0.00400 -0.0551493284 -0.0489645053 
10.05408 0.00400 -0.0552597692 -0.0490756690 
10.05447 0.00400 -0.0553703535 -0.0491869772 
10.05485 0.00400 -0.0554808509 -0.0492981979 
10.05523 0.00400 -0.0555912325 -0.0494093020 
10.05561 0.00400 -0.0557015271 -0.0495203186 
10.05600 0.00400 -0.0558117057 -0.0496312184 
10.05638 0.00400 -0.0559218260 -0.0497420595 
10.05676 0.00400 -0.0560318013 -0.0498527546 
10.05717 0.00400 -0.0561417180 -0.0499633909 
10.05755 0.00400 -0.0562605231 -0.0500829736 
10.05793 0.00400 -0.0563702383 -0.0501934070 
10.05831 0.00400 -0.0564798371 -0.0503037232 
10.05869 0.00400 -0.0565893770 -0.0504139802 
10.05907 0.00400 -0.0566987714 -0.0505240907 
10.05945 0.00400 -0.0568080780 -0.0506341128 
10.05983 0.00400 -0.0569172967 -0.0507440463 
10.06021 0.00400 -0.0570264273 -0.0508538913 
10.06059 0.00400 -0.0571354699 -0.0509636477 
10.06096 0.00400 -0.0572443954 -0.0510732862 
10.06134 0.00400 -0.0573532327 -0.0511828360 
10.06172 0.00400 -0.0574619817 -0.0512922968 
10.06210 0.00400 -0.0575706423 -0.0514016687 
10.06247 0.00400 -0.0576792145 -0.0515109515 
10.06285 0.00400 -0.0577876981 -0.0516201453 
10.06322 0.00400 -0.0578960642 -0.0517292207 
10.06360 0.00400 -0.0580043415 -0.0518382068 
10.06397 0.00400 -0.0581125301 -0.0519471036 
10.06435 0.00400 -0.0582205429 -0.0520558234 
10.06472 0.00400 -0.0583284088 -0.0521643953 
10.06510 0.00400 -0.0584361855 -0.0522728776 
10.06547 0.00400 -0.0585438442 -0.0523812409 
10.06584 0.00400 -0.0586515006 -0.0524896021 
10.06622 0.00400 -0.0587589808 -0.0525977858 
10.06659 0.00400 -0.0588663716 -0.0527058796 
10.06696 0.00400 -0.0589736730 -0.0528138833 
10.06734 0.00400 -0.0590809138 -0.0529218261 
10.06771 0.00400 -0.0591880651 -0.0530296788 
10.06808 0.00400 -0.0592950687 -0.0531373828 
10.06845 0.00400 -0.0594016627 -0.0532446746 
10.06882 0.00400 -0.0595082249 -0.0533519343 
10.06919 0.00400 -0.0596146389 -0.0534590449 
10.06956 0.00400 -0.0597209628 -0.0535660648 
10.06993 0.00400 -0.0598272255 -0.0536730231 
10.07030 0.00400 -0.0599333981 -0.0537798906 
10.07067 0.00400 -0.0600394803 -0.0538866672 
10.07104 0.00400 -0.0601454430 -0.0539933235 
10.07141 0.00400 -0.0602513443 -0.0540999180 
10.07178 0.00400 -0.0603571259 -0.0542063921 
10.07218 0.00400 -0.0604628460 -0.0543128043 
10.07254 0.00400 -0.0605771625 -0.0544278690 
10.07291 0.00400 -0.0606827033 -0.0545341007 
10.07328 0.00400 -0.0607881241 -0.0546402115 
10.07365 0.00400 -0.0608934832 -0.0547462603 
10.07401 0.00400 -0.0609987221 -0.0548521880 
10.07438 0.00400 -0.0611038991 -0.0549580535 
10.07474 0.00400 -0.0612089849 -0.0550638272 
10.07511 0.00400 -0.0613139796 -0.0551695091 
10.07548 0.00400 -0.0614188830 -0.0552750992 
10.07584 0.00400 -0.0615236950 -0.0553805973 
10.07621 0.00400 -0.0616284156 -0.0554860034 
10.07657 0.00400 -0.0617330447 -0.0555913174 
10.07693 0.00400 -0.0618376408 -0.0556965981 
10.07730 0.00400 -0.0619420867 -0.0558017277 
10.07766 0.00400 -0.0620464701 -0.0559067944 
10.07802 0.00400 -0.0621507618 -0.0560117688 
10.07839 0.00400 -0.0622549616 -0.0561166507 
10.07875 0.00400 -0.0623590696 -0.0562214401 
10.07911 0.00400 -0.0624631148 -0.0563261664 
10.07947 0.00400 -0.0625670680 -0.0564308000 
10.07984 0.00400 -0.0626709290 -0.0565353409 
10.08020 0.00400 -0.0627746685 -0.0566397595 
10.08056 0.00400 -0.0628783744 -0.0567441442 
10.08092 0.00400 -0.0629819586 -0.0568484065 
10.08128 0.00400 -0.0630854505 -0.0569525758 
10.08164 0.00400 -0.0631889085 -0.0570567110 
10.08200 0.00400 -0.0632922153 -0.0571606940 
10.08236 0.00400 -0.0633954881 -0.0572646429 
10.08272 0.00400 -0.0634986389 -0.0573684689 
10.08308 0.00400 -0.0636017264 -0.0574722312 
10.08344 0.00400 -0.0637047504 -0.0575759295 
10.08379 0.00400 -0.0638076521 -0.0576795048 
10.08415 0.00400 -0.0639104609 -0.0577829866 
10.08451 0.00400 -0.0640132060 -0.0578864042 
10.08487 0.00400 -0.0641158874 -0.0579897578 
10.08523 0.00400 -0.0642184463 -0.0580929880 
10.08558 0.00400 -0.0643209413 -0.0581961539 
10.08594 0.00400 -0.0644233430 -0.0582992259 
10.08629 0.00400 -0.0645256514 -0.0584022040 
10.08668 0.00400 -0.0646362823 -0.0585135591 
10.08704 0.00400 -0.0647384058 -0.0586163510 
10.08739 0.00400 -0.0648404650 -0.0587190783 
10.08775 0.00400 -0.0649424601 -0.0588217411 
10.08810 0.00400 -0.0650443614 -0.0589243094 
10.08846 0.00400 -0.0651461690 -0.0590267834 
10.08881 0.00400 -0.0652479122 -0.0591291926 
10.08916 0.00400 -0.0653495321 -0.0592314776 
10.08952 0.00400 -0.0654511169 -0.0593337274 
10.08987 0.00400 -0.0655526076 -0.0594358825 
10.09022 0.00400 -0.0656539748 -0.0595379132 
10.09058 0.00400 -0.0657553068 -0.0596399085 
10.09093 0.00400 -0.0658565150 -0.0597417792 
10.09128 0.00400 -0.0659576879 -0.0598436144 
10.09163 0.00400 -0.0660587370 -0.0599453249 
10.09199 0.00400 -0.0661597507 -0.0600469998 
10.09234 0.00400 -0.0662606403 -0.0601485498 
10.09269 0.00400 -0.0663614944 -0.0602500641 
10.09304 0.00400 -0.0664622243 -0.0603514534 
10.09339 0.00400 -0.0665628892 -0.0604527772 
10.09374 0.00400 -0.0666634592 -0.0605540055 
10.09409 0.00400 -0.0667595873 -0.0606507628 
10.09444 0.00400 -0.0668536071 -0.0607453981 
10.09479 0.00400 -0.0669475587 -0.0608399646 
10.09514 0.00400 -0.0670414123 -0.0609344326 
10.09549 0.00400 -0.0671352272 -0.0610288616 
10.09584 0.00400 -0.0672289441 -0.0611231919 
10.09618 0.00400 -0.0673225925 -0.0612174534 
10.09653 0.00400 -0.0674161428 -0.0613116160 
10.09688 0.00400 -0.0675096541 -0.0614057394 
10.09723 0.00400 -0.0676030671 -0.0614997639 
10.09757 0.00400 -0.0676963818 -0.0615936895 
10.09792 0.00400 -0.0677912878 -0.0616892167 
10.09827 0.00400 -0.0678907511 -0.0617893311 
10.09861 0.00400 -0.0679900890 -0.0618893192 
10.09896 0.00400 -0.0680894201 -0.0619893005 
10.09931 0.00400 -0.0681886257 -0.0620891555 
10.09965 0.00400 -0.0682877652 -0.0621889439 
10.10000 0.00400 -0.0683868384 -0.0622886656 
10.10037 0.00400 -0.0684858155 -0.0623882906 
10.10072 0.00400 -0.0685928337 -0.0624960094 
10.10106 0.00400 -0.0686916503 -0.0625954727 
10.10140 0.00400 -0.0687904002 -0.0626948691 
10.10175 0.00400 -0.0688890539 -0.0627941686 
10.10209 0.00400 -0.0689876708 -0.0628934309 
10.10243 0.00400 -0.0690861615 -0.0629925664 
10.10278 0.00400 -0.0691845855 -0.0630916346 
10.10312 0.00400 -0.0692829129 -0.0631906057 
10.10346 0.00400 -0.0693812331 -0.0632895694 
10.10381 0.00400 -0.0694794268 -0.0633884059 
10.10415 0.00400 -0.0695775238 -0.0634871451 
10.10449 0.00400 -0.0696755538 -0.0635858168 
10.10483 0.00400 -0.0697735168 -0.0636844210 
10.10517 0.00400 -0.0698714127 -0.0637829577 
10.10551 0.00400 -0.0699692115 -0.0638813967 
10.10585 0.00400 -0.0700669432 -0.0639797681 
10.10619 0.00400 -0.0701646076 -0.0640780718 
10.10653 0.00400 -0.0702622046 -0.0641763077 
10.10687 0.00400 -0.0703597045 -0.0642744458 
10.10721 0.00400 -0.0704571369 -0.0643725159 
10.10755 0.00400 -0.0705545018 -0.0644705182 
10.10789 0.00400 -0.0706517694 -0.0645684224 
10.10823 0.00400 -0.0707489395 -0.0646662286 
10.10857 0.00400 -0.0708460717 -0.0647639967 
10.10891 0.00400 -0.0709431363 -0.0648616966 
10.10924 0.00400 -0.0710401032 -0.0649592983 
10.10958 0.00400 -0.0711370023 -0.0650568316 
10.10992 0.00400 -0.0712338336 -0.0651542967 
10.11026 0.00400 -0.0713305670 -0.0652516633 
10.11059 0.00400 -0.0714272324 -0.0653489615 
10.11093 0.00400 -0.0715238597 -0.0654462213 
10.11127 0.00400 -0.0716203591 -0.0655433524 
10.11160 0.00400 -0.0717168203 -0.0656404450 
10.11194 0.00400 -0.0718131833 -0.0657374388 
10.11228 0.00400 -0.0719094482 -0.0658343338 
10.11261 0.00400 -0.0720057046 -0.0659312203 
10.11295 0.00400 -0.0721018328 -0.0660279777 
10.11328 0.00400 -0.0721978926 -0.0661246663 
10.11362 0.00400 -0.0722939138 -0.0662213161 
10.11398 0.00400 -0.0723898366 -0.0663178667 
10.11431 0.00400 -0.0724935423 -0.0664222512 
10.11464 0.00400 -0.0725893296 -0.0665186656 
10.11498 0.00400 -0.0726850483 -0.0666150108 
10.11531 0.00400 -0.0727806682 -0.0667112567 
10.11564 0.00400 -0.0728762194 -0.0668074333 
10.11598 0.00400 -0.0729716717 -0.0669035105 
10.11631 0.00400 -0.0730670852 -0.0669995485 
10.11664 0.00400 -0.0731624296 -0.0670955170 
10.11697 0.00400 -0.0732576751 -0.0671913860 
10.11731 0.00400 -0.0733528816 -0.0672872157 
10.11764 0.00400 -0.0734479889 -0.0673829455 
10.11797 0.00400 -0.0735430271 -0.0674786058 
10.11830 0.00400 -0.0736379961 -0.0675741965 
10.11863 0.00400 -0.0737328958 -0.0676697173 
10.11896 0.00400 -0.0738276962 -0.0677651383 
10.11929 0.00400 -0.0739224572 -0.0678605196 
10.11962 0.00400 -0.0740171489 -0.0679558311 
10.11995 0.00400 -0.0741117711 -0.0680510727 
10.12028 0.00400 -0.0742062937 -0.0681462140 
10.12061 0.00400 -0.0743007467 -0.0682412853 
10.12094 0.00400 -0.0743951602 -0.0683363169 
10.12127 0.00400 -0.0744894740 -0.0684312480 
10.12160 0.00400 -0.0745837180 -0.0685261089 
10.12192 0.00400 -0.0746778923 -0.0686208996 
10.12225 0.00400 -0.0747720268 -0.0687156504 
10.12258 0.00400 -0.0748660614 -0.0688103005 
10.12291 0.00400 -0.0749600261 -0.0689048802 
10.12323 0.00400 -0.0750539208 -0.0689993896 
10.12356 0.00400 -0.0751477455 -0.0690938284 
10.12389 0.00400 -0.0752415001 -0.0691881967 
10.12422 0.00400 -0.0753351846 -0.0692824944 
10.12454 0.00400 -0.0754265360 -0.0693744438 
10.12487 0.00400 -0.0755155528 -0.0694640433 
10.12519 0.00400 -0.0756045276 -0.0695536006 
10.12552 0.00400 -0.0756934302 -0.0696430851 
10.12584 0.00400 -0.0757822606 -0.0697324969 
10.12617 0.00400 -0.0758710186 -0.0698218360 
10.12649 0.00400 -0.0759597042 -0.0699111021 
10.12682 0.00400 -0.0760483477 -0.0700003258 
10.12717 0.00400 -0.0761369187 -0.0700894766 
10.12749 0.00400 -0.0762327022 -0.0701858871 
10.12782 0.00400 -0.0763211297 -0.0702748933 
10.12814 0.00400 -0.0764094845 -0.0703638266 
10.12846 0.00400 -0.0764991279 -0.0704540567 
10.12879 0.00400 -0.0765924505 -0.0705479902 
10.12911 0.00400 -0.0766857026 -0.0706418527 
10.12943 0.00400 -0.0767788840 -0.0707356440 
10.12976 0.00400 -0.0768720250 -0.0708293947 
10.13008 0.00400 -0.0769650347 -0.0709230133 
10.13040 0.00400 -0.0770580342 -0.0710166215 
10.13072 0.00400 -0.0771509022 -0.0711100975 
10.13104 0.00400 -0.0772437600 -0.0712035630 
10.13136 0.00400 -0.0773365165 -0.0712969267 
10.13168 0.00400 -0.0774292324 -0.0713902495 
10.13201 0.00400 -0.0775218468 -0.0714834702 
10.13233 0.00400 -0.0776144205 -0.0715766499 
10.13265 0.00400 -0.0777069232 -0.0716697580 
10.13297 0.00400 -0.0777993545 -0.0717627944 
10.13329 0.00400 -0.0778917148 -0.0718557592 
10.13361 0.00400 -0.0779840037 -0.0719486522 
10.13392 0.00400 -0.0780762212 -0.0720414734 
10.13424 0.00400 -0.0781683674 -0.0721342228 
10.13456 0.00400 -0.0782604726 -0.0722269308 
10.13488 0.00400 -0.0783524759 -0.0723195364 
10.13520 0.00400 -0.0784444380 -0.0724121005 
10.13552 0.00400 -0.0785362982 -0.0725045620 
10.13584 0.00400 -0.0786281171 -0.0725969820 
10.13615 0.00400 -0.0787198948 -0.0726893604 
10.13647 0.00400 -0.0788116008 -0.0727816667 
10.13679 0.00400 -0.0789031742 -0.0728738395 
10.13711 0.00400 -0.0789947975 -0.0729660625 
10.13742 0.00400 -0.0790871097 -0.0730589790 
10.13774 0.00400 -0.0791793199 -0.0731517928 
10.13805 0.00400 -0.0792715193 -0.0732445958 
10.13837 0.00400 -0.0793636167 -0.0733372959 
10.13869 0.00400 -0.0794556728 -0.0734299546 
10.13900 0.00400 -0.0795476267 -0.0735225105 
10.13932 0.00400 -0.0796395698 -0.0736150554 
10.13963 0.00400 -0.0797314105 -0.0737074973 
10.13997 0.00400 -0.0798226917 -0.0737993759 
10.14029 0.00400 -0.0799159433 -0.0738932380 
10.14060 0.00400 -0.0800020186 -0.0739798767 
10.14092 0.00400 -0.0800881110 -0.0740665327 
10.14123 0.00400 -0.0801740681 -0.0741530524 
10.14154 0.00400 -0.0802599813 -0.0742395280 
10.14186 0.00400 -0.0803458505 -0.0743259593 
10.14217 0.00400 -0.0804316453 -0.0744123157 
10.14248 0.00400 -0.0805173656 -0.0744985971 
10.14280 0.00400 -0.0806030418 -0.0745848341 
10.14311 0.00400 -0.0806886739 -0.0746710267 
10.14342 0.00400 -0.0807742008 -0.0747571135 
10.14373 0.00400 -0.0808597142 -0.0748431866 
10.14405 0.00400 -0.0809468031 -0.0749308456 
10.14436 0.00400 -0.0810370885 -0.0750217220 
10.14467 0.00400 -0.0811273623 -0.0751125867 
10.14498 0.00400 -0.0812175020 -0.0752033165 
10.14529 0.00400 -0.0813076300 -0.0752940344 
10.14560 0.00400 -0.0813976850 -0.0753846790 
10.14591 0.00400 -0.0814876671 -0.0754752500 
10.14622 0.00400 -0.0815775761 -0.0755657475 
10.14653 0.00400 -0.0816674426 -0.0756562023 
10.14684 0.00400 -0.0817572359 -0.0757465834 
10.14715 0.00400 -0.0818469561 -0.0758368909 
10.14746 0.00400 -0.0819366337 -0.0759271555 
10.14777 0.00400 -0.0820262074 -0.0760173155 
10.14808 0.00400 -0.0821157384 -0.0761074326 
10.14839 0.00400 -0.0822051961 -0.0761974758 
10.14870 0.00400 -0.0822946416 -0.0762875068 
10.14901 0.00400 -0.0823839830 -0.0763774331 
10.14932 0.00400 -0.0824732510 -0.0764672854 
10.14962 0.00400 -0.0825624760 -0.0765570944 
10.14993 0.00400 -0.0826515968 -0.0766467986 
10.15024 0.00400 -0.0827407052 -0.0767364903 
10.15055 0.00400 -0.0828297401 -0.0768261080 
10.15085 0.00400 -0.0829187012 -0.0769156514 
10.15116 0.00400 -0.0830075885 -0.0770051205 
10.15147 0.00400 -0.0830964327 -0.0770945463 
10.15177 0.00400 -0.0831852031 -0.0771838978 
10.15208 0.00400 -0.0832739302 -0.0772732057 
