6.70000 0.00050 1.2551589017 2.5440744060
7.00000 0.00050 1.0517014202 1.3015438490
7.30103 0.00050 0.9427413283 1.0712212882 
7.47712 0.00050 0.8719927970 0.9623039335 
7.60206 0.00050 0.8192457135 0.8921291266 
7.69897 0.00050 0.7781509876 0.8379130425 
7.77815 0.00050 0.7435911729 0.7966179147 
7.84510 0.00050 0.7144517627 0.7629573424 
7.90309 0.00050 0.6897938114 0.7340337932 
7.95424 0.00050 0.6674926836 0.7093937818 
8.00000 0.00050 0.6481293432 0.6878127853 
8.04139 0.00050 0.6306484783 0.6682017953 
8.07918 0.00050 0.6141072916 0.6504350260 
8.11394 0.00050 0.5992201518 0.6343768320 
8.14613 0.00050 0.5848127845 0.6196527383 
8.17609 0.00050 0.5722035119 0.6059452326 
8.20412 0.00050 0.5605639036 0.5932416973 
8.23045 0.00050 0.5497075221 0.5813503505 
8.25527 0.00050 0.5388998698 0.5703220213 
8.27875 0.00050 0.5287042761 0.5599182480 
8.30103 0.00050 0.5191398069 0.5501584859 
8.32222 0.00050 0.5108723607 0.5409356372 
8.34242 0.00050 0.5022502125 0.5321419259 
8.36173 0.00050 0.4941074662 0.5238371556 
8.38021 0.00050 0.4863201267 0.5158948639 
8.39794 0.00050 0.4788507453 0.5082768571 
8.41497 0.00050 0.4717138884 0.5009979913 
8.43136 0.00050 0.4648784971 0.4940265896 
8.44716 0.00050 0.4582917291 0.4873087584 
8.46240 0.00050 0.4519361339 0.4808266998 
8.47712 0.00050 0.4458646887 0.4746344453 
8.49136 0.00050 0.4400900669 0.4687449203 
8.50515 0.00050 0.4344987994 0.4630423980 
8.51851 0.00050 0.4290796208 0.4575153887 
8.53148 0.00050 0.4238222354 0.4521533921 
8.54407 0.00050 0.4187203953 0.4469500359 
8.55630 0.00050 0.4138391786 0.4419716928 
8.56820 0.00050 0.4090917151 0.4371297646 
8.57978 0.00050 0.4044708878 0.4324169922 
8.59106 0.00050 0.3999700666 0.4278266139 
8.60206 0.00050 0.3955832103 0.4233524681 
8.61278 0.00050 0.3913046963 0.4189888204 
8.62325 0.00050 0.3871389422 0.4147401763 
8.63347 0.00050 0.3831910245 0.4107137031 
8.64345 0.00050 0.3786301293 0.4067798001 
8.65321 0.00050 0.3748615796 0.4029343020 
8.66276 0.00050 0.3711758619 0.3991733271 
8.67210 0.00050 0.3675694357 0.3954932629 
8.68124 0.00050 0.3640389250 0.3918906641 
8.69020 0.00050 0.3598866901 0.3883623563 
8.69897 0.00050 0.3565005255 0.3849052863 
8.70757 0.00050 0.3531814909 0.3815167519 
8.71600 0.00050 0.3499579136 0.3782256738 
8.72428 0.00050 0.3468109636 0.3750128275 
8.73239 0.00050 0.3437231494 0.3718603553 
8.74036 0.00050 0.3406530260 0.3687259443 
8.74819 0.00050 0.3376225562 0.3656320173 
8.75587 0.00050 0.3346478910 0.3625950634 
8.76343 0.00050 0.3318409896 0.3597293862 
8.77085 0.00050 0.3291287429 0.3569603458 
8.77815 0.00050 0.3264586745 0.3542343669 
8.78533 0.00050 0.3238270428 0.3515476295 
8.79239 0.00050 0.3205636037 0.3489047745 
8.79934 0.00050 0.3180176135 0.3463041438 
8.80618 0.00050 0.3155085190 0.3437412005 
8.81291 0.00050 0.3130532386 0.3412332264 
8.81954 0.00050 0.3106251946 0.3387530731 
8.82607 0.00050 0.3082336759 0.3363102289 
8.83251 0.00050 0.3058745404 0.3339004631 
8.83885 0.00050 0.3028944931 0.3315368567 
8.84510 0.00050 0.3006271867 0.3292197066 
8.85126 0.00050 0.2983920570 0.3269354406 
8.85733 0.00050 0.2961853605 0.3246802329 
8.86332 0.00050 0.2940118951 0.3224589869 
8.86923 0.00050 0.2918982557 0.3202988820 
8.87506 0.00050 0.2898166635 0.3181715288 
8.88081 0.00050 0.2871016456 0.3160696622 
8.88649 0.00050 0.2850755098 0.3139979253 
8.89209 0.00050 0.2830755099 0.3119529126 
8.89763 0.00050 0.2811143145 0.3099475778 
8.90309 0.00050 0.2791786546 0.3079683532 
8.90849 0.00050 0.2772694727 0.3060162025 
8.91381 0.00050 0.2753836980 0.3040879858 
8.91908 0.00050 0.2735207728 0.3021831329 
8.92428 0.00050 0.2710329421 0.3003044275 
8.92942 0.00050 0.2692194524 0.2984491737 
8.93450 0.00050 0.2674271705 0.2966156161 
8.93952 0.00050 0.2656555774 0.2948032237 
8.94448 0.00050 0.2639020007 0.2930092627 
8.94939 0.00050 0.2621704736 0.2912378591 
8.95424 0.00050 0.2604720282 0.2895002991 
8.95904 0.00050 0.2588221427 0.2878124172 
8.96379 0.00050 0.2565447910 0.2861408281 
8.96848 0.00050 0.2549313939 0.2844894298 
8.97313 0.00050 0.2533352567 0.2828556980 
8.97772 0.00050 0.2517560155 0.2812392602 
8.98227 0.00050 0.2501913052 0.2796376954 
8.98677 0.00050 0.2486271230 0.2780366712 
8.99123 0.00050 0.2470568855 0.2764294491 
8.99564 0.00050 0.2455025744 0.2748385285 
9.00000 0.00050 0.2439619333 0.2732616000 
9.00432 0.00050 0.2424380817 0.2717018563 
9.00860 0.00050 0.2409292390 0.2701574750 
9.01284 0.00050 0.2394351220 0.2686281663 
9.01703 0.00050 0.2379509564 0.2671090434 
9.02119 0.00050 0.2364884999 0.2656121409 
9.02531 0.00050 0.2344075474 0.2641294504 
9.02938 0.00050 0.2329732859 0.2626606550 
9.03342 0.00050 0.2315524151 0.2612055726 
9.03743 0.00050 0.2301446972 0.2597639598 
9.04139 0.00050 0.2287498331 0.2583355104 
9.04532 0.00050 0.2273676018 0.2569199979 
9.04922 0.00050 0.2259977491 0.2555171621 
9.05308 0.00050 0.2246707373 0.2541581987 
9.05690 0.00050 0.2233635691 0.2528195567 
9.06070 0.00050 0.2220678285 0.2514926174 
9.06446 0.00050 0.2207833204 0.2501771811 
9.06818 0.00050 0.2195098170 0.2488730145 
9.07188 0.00050 0.2182471437 0.2475799387 
9.07554 0.00050 0.2163716901 0.2462978004 
9.07918 0.00050 0.2151307745 0.2450263548 
9.08278 0.00050 0.2139001958 0.2437655004 
9.08636 0.00050 0.2126904617 0.2425260035 
9.08990 0.00050 0.2114971811 0.2413033649 
9.09342 0.00050 0.2103135553 0.2400906187 
9.09691 0.00050 0.2091394416 0.2388876185 
9.10037 0.00050 0.2079746653 0.2376941855 
9.10380 0.00050 0.2068191368 0.2365102278 
9.10721 0.00050 0.2056726466 0.2353355307 
9.11059 0.00050 0.2045350705 0.2341699671 
9.11394 0.00050 0.2034062820 0.2330134073 
9.11727 0.00050 0.2022861522 0.2318657193 
9.12057 0.00050 0.2005588491 0.2307267382 
9.12385 0.00050 0.1998424413 0.2293618863 
9.12710 0.00050 0.1984462861 0.2279313818 
9.13033 0.00050 0.1976741065 0.2265115466 
9.13353 0.00050 0.1962978589 0.2251021618 
9.13671 0.00050 0.1949317191 0.2237031283 
9.13987 0.00050 0.1941869593 0.2223142507 
9.14301 0.00050 0.1928398305 0.2209353923 
9.14613 0.00050 0.1914996077 0.2195636026 
9.14922 0.00050 0.1907811023 0.2182044132 
9.15229 0.00050 0.1894269293 0.2168190541 
9.15534 0.00050 0.1882827559 0.2156485308 
9.15836 0.00050 0.1871465158 0.2144861234 
9.16137 0.00050 0.1866251265 0.2133317790 
9.16435 0.00050 0.1855080300 0.2121895406 
9.16732 0.00050 0.1844154563 0.2110723771 
9.17026 0.00050 0.1833303060 0.2099628039 
9.17318 0.00050 0.1822514537 0.2088596705 
9.17609 0.00050 0.1811600001 0.2077436523 
9.17897 0.00050 0.1800758028 0.2066350536 
9.18184 0.00050 0.1789713239 0.2055057169 
9.18469 0.00050 0.1785376225 0.2032158873 
9.18752 0.00050 0.1775109113 0.2009409753 
9.19033 0.00050 0.1764941007 0.1986807887 
9.19312 0.00050 0.1754870703 0.1964351597 
9.19590 0.00050 0.1744896262 0.1942038468 
9.19865 0.00050 0.1735592760 0.1926512419 
9.20139 0.00050 0.1724318297 0.1915054538 
9.20412 0.00050 0.1713085326 0.1903638824 
9.20682 0.00050 0.1707872042 0.1892294823 
9.20951 0.00050 0.1696772880 0.1881020827 
9.21218 0.00050 0.1685741926 0.1869816113 
9.21484 0.00050 0.1680710428 0.1858679606 
9.21748 0.00050 0.1669888140 0.1847692428 
9.22010 0.00050 0.1659163350 0.1836804234 
9.22271 0.00050 0.1654418984 0.1825981497 
9.22530 0.00050 0.1643817308 0.1815223756 
9.22788 0.00050 0.1633911230 0.1805171852 
9.23044 0.00050 0.1624839602 0.1795966683 
9.23299 0.00050 0.1615821401 0.1786815727 
9.23552 0.00050 0.1606855990 0.1777718337 
9.23804 0.00050 0.1597942042 0.1768673169 
9.24054 0.00050 0.1589032627 0.1759632600 
9.24303 0.00050 0.1580134971 0.1750603963 
9.24551 0.00050 0.1577162227 0.1741627241 
9.24797 0.00050 0.1568361416 0.1732701406 
9.25041 0.00050 0.1559610097 0.1723825766 
9.25285 0.00050 0.1550907579 0.1714999619 
9.25527 0.00050 0.1542231795 0.1706200588 
9.25768 0.00050 0.1533625765 0.1697472301 
9.26007 0.00050 0.1524797213 0.1688518330 
9.26245 0.00050 0.1516676448 0.1680282202 
9.26482 0.00050 0.1508513161 0.1672002947 
9.26717 0.00050 0.1500394139 0.1663768587 
9.26951 0.00050 0.1492318969 0.1655578700 
9.27184 0.00050 0.1484286878 0.1647432506 
9.27416 0.00050 0.1476297789 0.1639329924 
9.27646 0.00050 0.1468350919 0.1631270161 
9.27875 0.00050 0.1460441965 0.1623248852 
9.28103 0.00050 0.1452529638 0.1615224123 
9.28330 0.00050 0.1444658369 0.1607241035 
9.28556 0.00050 0.1436828061 0.1599299489 
9.28780 0.00050 0.1429037902 0.1591398663 
9.29003 0.00050 0.1427082804 0.1583538806 
9.29225 0.00050 0.1419368703 0.1575719086 
9.29446 0.00050 0.1411694082 0.1567939386 
9.29666 0.00050 0.1404058106 0.1560198861 
9.29885 0.00050 0.1396464224 0.1552501006 
9.30103 0.00050 0.1389021468 0.1544956346 
9.30319 0.00050 0.1381615587 0.1537449066 
9.30535 0.00050 0.1374246076 0.1529978654 
9.30749 0.00050 0.1366925015 0.1522557356 
9.30963 0.00050 0.1359658080 0.1515190924 
9.31175 0.00050 0.1352426798 0.1507860634 
9.31386 0.00050 0.1345231012 0.1500566325 
9.31597 0.00050 0.1338069834 0.1493307098 
9.31806 0.00050 0.1330943095 0.1486082782 
9.32014 0.00050 0.1323830277 0.1478872578 
9.32222 0.00050 0.1316726376 0.1471671413 
9.32428 0.00050 0.1309656243 0.1464504477 
9.32633 0.00050 0.1302619335 0.1457371222 
9.32838 0.00050 0.1295615834 0.1450271832 
9.33041 0.00050 0.1288645192 0.1443205750 
9.33243 0.00050 0.1281706854 0.1436172415 
9.33445 0.00050 0.1274800996 0.1429172003 
9.33645 0.00050 0.1267926687 0.1422203574 
9.33845 0.00050 0.1261141983 0.1415325976 
9.34044 0.00050 0.1254524134 0.1408617517 
9.34242 0.00050 0.1247919714 0.1401922672 
9.34439 0.00050 0.1241362139 0.1395275312 
9.34635 0.00050 0.1234834204 0.1388657999 
9.34830 0.00050 0.1228335317 0.1382070131 
9.35025 0.00050 0.1221865625 0.1375511858 
9.35218 0.00050 0.1215424903 0.1368982952 
9.35411 0.00050 0.1209012924 0.1362483182 
9.35603 0.00050 0.1202663095 0.1356046413 
9.35793 0.00050 0.1196388434 0.1349685842 
9.35983 0.00050 0.1190140929 0.1343352798 
9.36173 0.00050 0.1183970641 0.1337098028 
9.36361 0.00050 0.1177931673 0.1330976376 
9.36549 0.00050 0.1171918436 0.1324880809 
9.36735 0.00050 0.1165931053 0.1318811447 
9.36921 0.00050 0.1159969642 0.1312768415 
9.37107 0.00050 0.1154033190 0.1306750683 
9.37291 0.00050 0.1148122192 0.1300758754 
9.37475 0.00050 0.1142236385 0.1294792359 
9.37657 0.00050 0.1136374744 0.1288850464 
9.37840 0.00050 0.1124874858 0.1282914683 
9.38021 0.00050 0.1113347048 0.1276944542 
9.38201 0.00050 0.1107488544 0.1270999797 
9.38381 0.00050 0.1096018299 0.1265079015 
9.38560 0.00050 0.1090210848 0.1259183080 
9.38739 0.00050 0.1078797747 0.1253311329 
9.38916 0.00050 0.1073040205 0.1247463095 
9.39093 0.00050 0.1061683054 0.1241639260 
9.39269 0.00050 0.1055975413 0.1235838765 
9.39445 0.00050 0.1044673002 0.1230061714 
9.39620 0.00050 0.1039014480 0.1224308212 
9.39794 0.00050 0.1027766356 0.1218577580 
9.39967 0.00050 0.1022155388 0.1212869527 
9.40140 0.00050 0.1010960703 0.1207184544 
9.40312 0.00050 0.1005396865 0.1201521554 
9.40483 0.00050 0.0994323086 0.1195951018 
9.40654 0.00050 0.0988946337 0.1190475663 
9.40824 0.00050 0.0977466189 0.1184482626 
9.40993 0.00050 0.0971606553 0.1178512487 
9.41162 0.00050 0.0965770271 0.1172566143 
9.41330 0.00050 0.0954369783 0.1166642119 
9.41497 0.00050 0.0948566373 0.1160726252 
9.41664 0.00050 0.0937219603 0.1154847952 
9.41830 0.00050 0.0931478565 0.1148992679 
9.41996 0.00050 0.1020395770 0.1143030422 
9.42160 0.00050 0.1014312897 0.1136879859 
9.42325 0.00050 0.1008253363 0.1130752895 
9.42488 0.00050 0.1002216490 0.1124648844 
9.42651 0.00050 0.0996202386 0.1118567815 
9.42813 0.00050 0.0990210761 0.1112509515 
9.42975 0.00050 0.0984241325 0.1106473652 
9.43136 0.00050 0.0978294182 0.1100460329 
9.43297 0.00050 0.0972368641 0.1094468848 
9.43457 0.00050 0.0966465200 0.1088499714 
9.43616 0.00050 0.0960583563 0.1082552626 
9.43775 0.00050 0.0954723431 0.1076627283 
9.43933 0.00050 0.0948884104 0.1070722976 
9.44091 0.00050 0.0943066478 0.1064840611 
9.44248 0.00050 0.0937269850 0.1058979479 
9.44404 0.00050 0.0931494315 0.1053139675 
9.44560 0.00050 0.0925743591 0.1047324957 
9.44716 0.00050 0.0920013759 0.1041531363 
9.44870 0.00050 0.0914304510 0.1035758581 
9.45025 0.00050 0.0908615532 0.1030006296 
9.45178 0.00050 0.0908461810 0.1024274600 
9.45332 0.00050 0.0902810384 0.1018563173 
9.45484 0.00050 0.0897422526 0.1013118114 
9.45636 0.00050 0.0892068525 0.1007707270 
9.45788 0.00050 0.0886731840 0.1002313927 
9.45939 0.00050 0.0881394628 0.0996920051 
9.46090 0.00050 0.0876075649 0.0991544602 
9.46240 0.00050 0.0870775388 0.0986188069 
9.46389 0.00050 0.0865493514 0.0980850118 
9.46538 0.00050 0.0860229692 0.0975530412 
9.46686 0.00050 0.0854983589 0.0970228612 
9.46834 0.00050 0.0849755686 0.0964945206 
9.46982 0.00050 0.0844545237 0.0959679438 
9.47129 0.00050 0.0839352313 0.0954431382 
9.47275 0.00050 0.0834177397 0.0949201526 
9.47421 0.00050 0.0829019738 0.0943989108 
9.47567 0.00050 0.0823878992 0.0938793784 
9.47712 0.00050 0.0818742418 0.0933602676 
9.47857 0.00050 0.0813636515 0.0928442565 
9.48001 0.00050 0.0808546903 0.0923298917 
9.48144 0.00050 0.0808936709 0.0918173058 
9.48287 0.00050 0.0803878151 0.0913063377 
9.48430 0.00050 0.0798836506 0.0907970781 
9.48572 0.00050 0.0788357249 0.0902894914 
9.48714 0.00050 0.0783252589 0.0897736060 
9.48855 0.00050 0.0778034660 0.0892462733 
9.48996 0.00050 0.0778279683 0.0887206208 
9.49136 0.00050 0.0773092453 0.0881966555 
9.49276 0.00050 0.0767921993 0.0876743842 
9.49415 0.00050 0.0762767953 0.0871537715 
9.49554 0.00050 0.0757630819 0.0866348664 
9.49693 0.00050 0.0752510238 0.0861176334 
9.49831 0.00050 0.0747405436 0.0856019943 
9.49969 0.00050 0.0742547367 0.0851112778 
9.50106 0.00050 0.0743188532 0.0846279735 
9.50243 0.00050 0.0738417217 0.0841462635 
9.50379 0.00050 0.0733660482 0.0836660254 
9.50515 0.00050 0.0728984432 0.0831939334 
9.50650 0.00050 0.0724573287 0.0827485859 
9.50785 0.00050 0.0720175857 0.0823046231 
9.50920 0.00050 0.0715791764 0.0818620069 
9.51054 0.00050 0.0711421055 0.0814207418 
9.51188 0.00050 0.0707064625 0.0809809184 
9.51322 0.00050 0.0702720818 0.0805423695 
9.51455 0.00050 0.0698390531 0.0801051854 
9.51587 0.00050 0.0694073381 0.0796693277 
9.51719 0.00050 0.0689769413 0.0792348008 
9.51851 0.00050 0.0685478670 0.0788016091 
9.51983 0.00050 0.0681200768 0.0783697139 
9.52114 0.00050 0.0676935750 0.0779391194 
9.52244 0.00050 0.0672683658 0.0775098299 
9.52374 0.00050 0.0668444535 0.0770818498 
9.52504 0.00050 0.0664217564 0.0766550965 
9.52634 0.00050 0.0660003645 0.0762296609 
9.52763 0.00050 0.0655801960 0.0758054605 
9.52891 0.00050 0.0651612547 0.0753824991 
9.53020 0.00050 0.0647436312 0.0749608680 
9.53148 0.00050 0.0643261200 0.0745393504 
9.53275 0.00050 0.0639078141 0.0741170305 
9.53403 0.00050 0.0634771999 0.0736822841 
9.53529 0.00050 0.0630477570 0.0732487204 
9.53656 0.00050 0.0626195762 0.0728164307 
9.53782 0.00050 0.0621926617 0.0723854195 
9.53908 0.00050 0.0623032200 0.0719556471 
9.54033 0.00050 0.0618785492 0.0715271175 
9.54158 0.00050 0.0614551141 0.0710998350 
9.54282 0.00050 0.0610328752 0.0706737595 
9.54407 0.00050 0.0606134512 0.0702505245 
9.54531 0.00050 0.0602101310 0.0698435396 
9.54654 0.00050 0.0598079629 0.0694377172 
9.54777 0.00050 0.0594068628 0.0690329726 
9.54900 0.00050 0.0590070095 0.0686294861 
9.55023 0.00050 0.0586081874 0.0682270402 
9.55145 0.00050 0.0582105314 0.0678257710 
9.55267 0.00050 0.0578140013 0.0674256378 
9.55388 0.00050 0.0574185564 0.0670265998 
9.55509 0.00050 0.0570242002 0.0666286603 
9.55630 0.00050 0.0566309799 0.0662318671 
9.55751 0.00050 0.0562388108 0.0658361347 
9.55871 0.00050 0.0558477404 0.0654415109 
9.55990 0.00050 0.0554577719 0.0650479990 
9.56110 0.00050 0.0550688644 0.0646555578 
9.56229 0.00050 0.0546810211 0.0642641904 
9.56348 0.00050 0.0543066459 0.0638864135 
9.56466 0.00050 0.0539340280 0.0635104099 
9.56585 0.00050 0.0535624626 0.0631354683 
9.56702 0.00050 0.0531918637 0.0627615021 
9.56820 0.00050 0.0528223231 0.0623886037 
9.56937 0.00050 0.0524537548 0.0620166865 
9.57054 0.00050 0.0520861616 0.0616457532 
9.57171 0.00050 0.0517195908 0.0612758516 
9.57287 0.00050 0.0513540007 0.0609069396 
9.57403 0.00050 0.0515198842 0.0605389750 
9.57519 0.00050 0.0511560801 0.0601720505 
9.57634 0.00050 0.0507931761 0.0598060338 
9.57749 0.00050 0.0504312642 0.0594410178 
9.57864 0.00050 0.0500703472 0.0590770050 
9.57978 0.00050 0.0497093964 0.0587129583 
9.58092 0.00050 0.0493502970 0.0583507788 
9.58206 0.00050 0.0489872596 0.0579846276 
9.58320 0.00050 0.0486138912 0.0576080567 
9.58433 0.00050 0.0482414584 0.0572324296 
9.58546 0.00050 0.0478700093 0.0568577945 
9.58659 0.00050 0.0474995465 0.0564841542 
9.58771 0.00050 0.0471299827 0.0561114205 
9.58883 0.00050 0.0467614560 0.0557397328 
9.58995 0.00050 0.0463937884 0.0553689117 
9.59106 0.00050 0.0460271181 0.0549990965 
9.59218 0.00050 0.0456577817 0.0546265921 
9.59329 0.00050 0.0453072005 0.0542730039 
9.59439 0.00050 0.0449575124 0.0539203165 
9.59550 0.00050 0.0446086745 0.0535684865 
9.59660 0.00050 0.0442607799 0.0532176080 
9.59769 0.00050 0.0439137402 0.0528675916 
9.59879 0.00050 0.0435675577 0.0525184399 
9.59988 0.00050 0.0432222802 0.0521702009 
9.60097 0.00050 0.0428778646 0.0518228311 
9.60206 0.00050 0.0425342675 0.0514762870 
9.60314 0.00050 0.0421915368 0.0511306166 
9.60422 0.00050 0.0418496748 0.0507858224 
9.60530 0.00050 0.0415086837 0.0504419065 
9.60638 0.00050 0.0411685201 0.0500988253 
9.60745 0.00050 0.0408291862 0.0497565809 
9.60852 0.00050 0.0404906841 0.0494151754 
9.60959 0.00050 0.0401530619 0.0490746573 
9.61066 0.00050 0.0403408140 0.0487348901 
9.61172 0.00050 0.0400046509 0.0483960147 
9.61278 0.00050 0.0396693289 0.0480579871 
9.61384 0.00050 0.0393348039 0.0477207630 
9.61490 0.00050 0.0390010781 0.0473843445 
9.61595 0.00050 0.0386681996 0.0470487802 
9.61700 0.00050 0.0383360323 0.0467139327 
9.61805 0.00050 0.0380047625 0.0463799900 
9.61909 0.00050 0.0376742540 0.0460468148 
9.62013 0.00050 0.0373445088 0.0457144090 
9.62117 0.00050 0.0370155750 0.0453828211 
9.62221 0.00050 0.0366874547 0.0450520534 
9.62325 0.00050 0.0363592696 0.0447212203 
9.62428 0.00050 0.0360326890 0.0443920047 
9.62531 0.00050 0.0357153267 0.0440720817 
9.62634 0.00050 0.0354014453 0.0437556677 
9.62737 0.00050 0.0350882644 0.0434399599 
9.62839 0.00050 0.0347758787 0.0431250537 
9.62941 0.00050 0.0344641971 0.0428108573 
9.63043 0.00050 0.0341532213 0.0424973723 
9.63144 0.00050 0.0338429994 0.0421846475 
9.63246 0.00050 0.0335335335 0.0418726845 
9.63347 0.00050 0.0332246851 0.0415613442 
9.63448 0.00050 0.0329165960 0.0412507692 
9.63548 0.00050 0.0326093146 0.0409410085 
9.63649 0.00050 0.0323026089 0.0406318282 
9.63749 0.00050 0.0319967145 0.0403234656 
9.63849 0.00050 0.0316914458 0.0400157338 
9.63949 0.00050 0.0313869448 0.0397087760 
9.64048 0.00050 0.0310831197 0.0394024994 
9.64147 0.00050 0.0307799720 0.0390969057 
9.64246 0.00050 0.0304775032 0.0387919964 
9.64345 0.00050 0.0301735998 0.0384856410 
9.64444 0.00050 0.0298639787 0.0381735217 
9.64542 0.00050 0.0300743141 0.0378621743 
9.64640 0.00050 0.0297659297 0.0375514584 
9.64738 0.00050 0.0294582677 0.0372414703 
9.64836 0.00050 0.0291512826 0.0369321642 
9.64933 0.00050 0.0288450233 0.0366235895 
9.65031 0.00050 0.0285394442 0.0363157000 
9.65128 0.00050 0.0282344996 0.0360084499 
9.65224 0.00050 0.0279334094 0.0357050833 
9.65321 0.00050 0.0276403494 0.0354098077 
9.65417 0.00050 0.0273478957 0.0351151429 
9.65514 0.00050 0.0270561446 0.0348211860 
9.65610 0.00050 0.0267649551 0.0345277949 
9.65705 0.00050 0.0264744710 0.0342351147 
9.65801 0.00050 0.0261846465 0.0339430989 
9.65896 0.00050 0.0258954353 0.0336517012 
9.65991 0.00050 0.0256068388 0.0333609228 
9.66086 0.00050 0.0253188585 0.0330707652 
9.66181 0.00050 0.0250315910 0.0327813258 
9.66276 0.00050 0.0247441319 0.0324916934 
9.66370 0.00050 0.0244580077 0.0322034059 
9.66464 0.00050 0.0241726005 0.0319158410 
9.66558 0.00050 0.0238877209 0.0316288075 
9.66652 0.00050 0.0236035133 0.0313424512 
9.66745 0.00050 0.0233198837 0.0310566772 
9.66839 0.00050 0.0230368811 0.0307715349 
9.66932 0.00050 0.0227544589 0.0304869775 
9.67025 0.00050 0.0224726664 0.0302030545 
9.67117 0.00050 0.0221915049 0.0299197673 
9.67210 0.00050 0.0219108798 0.0296370205 
9.67302 0.00050 0.0216308883 0.0293549122 
9.67394 0.00050 0.0213514838 0.0290733952 
9.67486 0.00050 0.0210726673 0.0287924708 
9.67578 0.00050 0.0207944885 0.0285121887 
9.67669 0.00050 0.0205168522 0.0282324534 
9.67761 0.00050 0.0202398079 0.0279533145 
9.67852 0.00050 0.0199632603 0.0276746761 
9.67943 0.00050 0.0196874035 0.0273967337 
9.68033 0.00050 0.0194120942 0.0271193429 
9.68124 0.00050 0.0191373336 0.0268425049 
9.68214 0.00050 0.0188631710 0.0265662695 
9.68305 0.00050 0.0185895593 0.0262905893 
9.68395 0.00050 0.0183164999 0.0260154653 
9.68484 0.00050 0.0180440905 0.0257409965 
9.68574 0.00050 0.0177721389 0.0254669887 
9.68663 0.00050 0.0175007913 0.0251935896 
9.68753 0.00050 0.0172300007 0.0249207517 
9.68842 0.00050 0.0169597679 0.0246484759 
9.68931 0.00050 0.0166901430 0.0243768124 
9.69019 0.00050 0.0164209812 0.0241056156 
9.69108 0.00050 0.0161523808 0.0238349845 
9.69196 0.00050 0.0163968197 0.0235653615 
9.69285 0.00050 0.0161347656 0.0233014591 
9.69373 0.00050 0.0158732834 0.0230381328 
9.69460 0.00050 0.0156122768 0.0227752853 
9.69548 0.00050 0.0153518443 0.0225130160 
9.69635 0.00050 0.0150918894 0.0222512276 
9.69723 0.00050 0.0148325107 0.0219900196 
9.69810 0.00050 0.0145736117 0.0217292946 
9.69897 0.00050 0.0143145571 0.0214684129 
9.69984 0.00050 0.0140567177 0.0212087550 
9.70070 0.00050 0.0137993609 0.0209495831 
9.70157 0.00050 0.0135425857 0.0206909969 
9.70243 0.00050 0.0132862460 0.0204328493 
9.70329 0.00050 0.0130304410 0.0201752401 
9.70415 0.00050 0.0127751225 0.0199181208 
9.70501 0.00050 0.0125203406 0.0196615420 
9.70586 0.00050 0.0122659981 0.0194054056 
9.70672 0.00050 0.0120122433 0.0191498612 
9.70757 0.00050 0.0117589790 0.0188948106 
9.70842 0.00050 0.0115061569 0.0186402054 
9.70927 0.00050 0.0112538271 0.0183860959 
9.71012 0.00050 0.0110020399 0.0181325328 
9.71096 0.00050 0.0107494149 0.0178781261 
9.71181 0.00050 0.0104950127 0.0176219297 
9.71265 0.00050 0.0102411025 0.0173662287 
9.71349 0.00050 0.0099877347 0.0171110739 
9.71433 0.00050 0.0097348608 0.0168564165 
9.71517 0.00050 0.0094824323 0.0166022076 
9.71600 0.00050 0.0092304996 0.0163484981 
9.71684 0.00050 0.0089790636 0.0160952888 
9.71767 0.00050 0.0087281254 0.0158425807 
9.71850 0.00050 0.0084793224 0.0155920229 
9.71933 0.00050 0.0082338000 0.0153447689 
9.72016 0.00050 0.0079887335 0.0150979740 
9.72098 0.00050 0.0077441736 0.0148516892 
9.72181 0.00050 0.0075000217 0.0146058153 
9.72263 0.00050 0.0072563780 0.0143604533 
9.72345 0.00050 0.0070131939 0.0141155539 
9.72427 0.00050 0.0067704202 0.0138710680 
9.72509 0.00050 0.0065281575 0.0136270966 
9.72591 0.00050 0.0062863069 0.0133835403 
9.72673 0.00050 0.0060449192 0.0131404501 
9.72754 0.00050 0.0058040450 0.0128978771 
9.72835 0.00050 0.0055635855 0.0126557216 
9.72916 0.00050 0.0053235414 0.0124139845 
9.72997 0.00050 0.0050840135 0.0121727672 
9.73078 0.00050 0.0048449026 0.0119319699 
9.73159 0.00050 0.0046062095 0.0116915934 
9.73239 0.00050 0.0043673843 0.0114510837 
9.73320 0.00050 0.0041295289 0.0112115508 
9.73400 0.00050 0.0038921940 0.0109725419 
9.73480 0.00050 0.0036552800 0.0107339570 
9.73560 0.00050 0.0034187878 0.0104957968 
9.73640 0.00050 0.0031827683 0.0102581128 
9.73719 0.00050 0.0029471723 0.0100208551 
9.73799 0.00050 0.0027119500 0.0097839739 
9.73878 0.00050 0.0024772029 0.0095475711 
9.73957 0.00050 0.0022428815 0.0093115970 
9.74036 0.00050 0.0020089865 0.0090760524 
9.74115 0.00050 0.0017755186 0.0088409379 
9.74194 0.00050 0.0015424283 0.0086062036 
9.74272 0.00050 0.0013098172 0.0083719519 
9.74351 0.00050 0.0010775849 0.0081380818 
9.74429 0.00050 0.0008458334 0.0079046957 
9.74507 0.00050 0.0006144119 0.0076716420 
9.74585 0.00050 0.0003834219 0.0074390229 
9.74663 0.00050 0.0001529150 0.0072068902 
9.74741 0.00050 -0.0000772093 0.0069751429 
9.74819 0.00050 -0.0003068997 0.0067438325 
9.74896 0.00050 -0.0005362567 0.0065128579 
9.74974 0.00050 -0.0007651276 0.0062823727 
9.75051 0.00050 -0.0009936639 0.0060522246 
9.75128 0.00050 -0.0012217633 0.0058225164 
9.75205 0.00050 -0.0014494252 0.0055932489 
9.75282 0.00050 -0.0016767503 0.0053643205 
9.75358 0.00050 -0.0019035857 0.0051358853 
9.75435 0.00050 -0.0021300321 0.0049078417 
9.75511 0.00050 -0.0023561397 0.0046801394 
9.75587 0.00050 -0.0025818063 0.0044528812 
9.75663 0.00050 -0.0028071327 0.0042259656 
9.75739 0.00050 -0.0030320167 0.0039994956 
9.75815 0.00050 -0.0032565593 0.0037733693 
9.75891 0.00050 -0.0034806070 0.0035477414 
9.75967 0.00050 -0.0037044140 0.0033223559 
9.76042 0.00050 -0.0039276736 0.0030975216 
9.76117 0.00050 -0.0041506404 0.0028729823 
9.76193 0.00050 -0.0043732115 0.0026488414 
9.76268 0.00050 -0.0045953862 0.0024250997 
9.76343 0.00050 -0.0048177267 0.0022011911 
9.76418 0.00050 -0.0050393631 0.0019779915 
9.76492 0.00050 -0.0052617278 0.0017540585 
9.76567 0.00050 -0.0054836950 0.0015305258 
9.76641 0.00050 -0.0057053152 0.0013073426 
9.76716 0.00050 -0.0059265365 0.0010845610 
9.76790 0.00050 -0.0061474096 0.0008621301 
9.76864 0.00050 -0.0063678312 0.0006401539 
9.76938 0.00050 -0.0065879546 0.0004184780 
9.77011 0.00050 -0.0068076766 0.0001972063 
9.77085 0.00050 -0.0070269964 -0.0000236604 
9.77159 0.00050 -0.0072459907 -0.0002441992 
9.77232 0.00050 -0.0074646073 -0.0004643577 
9.77305 0.00050 -0.0076828199 -0.0006841093 
9.77379 0.00050 -0.0079006793 -0.0009035052 
9.77452 0.00050 -0.0081182107 -0.0011225709 
9.77525 0.00050 -0.0083353620 -0.0013412537 
9.77597 0.00050 -0.0085521067 -0.0015595271 
9.77670 0.00050 -0.0087685217 -0.0017774684 
9.77743 0.00050 -0.0089845805 -0.0019950511 
9.77815 0.00050 -0.0092002825 -0.0022122744 
9.77887 0.00050 -0.0094156014 -0.0024291119 
9.77960 0.00050 -0.0091316356 -0.0026455889 
9.78032 0.00050 -0.0093463461 -0.0028617049 
9.78104 0.00050 -0.0095607232 -0.0030774852 
9.78175 0.00050 -0.0097747404 -0.0032929033 
9.78247 0.00050 -0.0099883971 -0.0035079586 
9.78319 0.00050 -0.0102017187 -0.0037226766 
9.78390 0.00050 -0.0104146528 -0.0039370045 
9.78462 0.00050 -0.0106281074 -0.0041518564 
9.78533 0.00050 -0.0108413820 -0.0043665270 
9.78604 0.00050 -0.0110542941 -0.0045808328 
9.78675 0.00050 -0.0112668434 -0.0047947734 
9.78746 0.00050 -0.0114790551 -0.0050083742 
9.78817 0.00050 -0.0116909287 -0.0052216347 
9.78887 0.00050 -0.0119024638 -0.0054345545 
9.78958 0.00050 -0.0121136336 -0.0056471065 
9.79028 0.00050 -0.0123244637 -0.0058593167 
9.79099 0.00050 -0.0125335974 -0.0060698193 
9.79169 0.00050 -0.0127422062 -0.0062797937 
9.79239 0.00050 -0.0129509682 -0.0064899222 
9.79309 0.00050 -0.0131588388 -0.0066991534 
9.79379 0.00050 -0.0133663915 -0.0069080647 
9.79449 0.00050 -0.0135736258 -0.0071166556 
9.79518 0.00050 -0.0137805150 -0.0073248991 
9.79588 0.00050 -0.0139871110 -0.0075328474 
9.79657 0.00050 -0.0141933347 -0.0077404210 
9.79727 0.00050 -0.0143992380 -0.0079476721 
9.79796 0.00050 -0.0146047940 -0.0081545736 
9.79865 0.00050 -0.0148100548 -0.0083611780 
9.79934 0.00050 -0.0150149936 -0.0085674583 
9.80003 0.00050 -0.0152195836 -0.0087733876 
9.80072 0.00050 -0.0154238507 -0.0089789917 
9.80140 0.00050 -0.0156278205 -0.0091842966 
9.80209 0.00050 -0.0158314400 -0.0093892490 
9.80277 0.00050 -0.0160347349 -0.0095938747 
9.80346 0.00050 -0.0162377311 -0.0097981996 
9.80414 0.00050 -0.0164404281 -0.0100022235 
9.80482 0.00050 -0.0166427728 -0.0102058927 
9.80550 0.00050 -0.0168447909 -0.0104092332 
9.80618 0.00050 -0.0170465348 -0.0106122976 
9.80686 0.00050 -0.0172479248 -0.0108150059 
9.80753 0.00050 -0.0174490131 -0.0110174105 
9.80821 0.00050 -0.0176497994 -0.0112195111 
9.80888 0.00050 -0.0178502567 -0.0114212805 
9.80956 0.00050 -0.0180504109 -0.0116227449 
9.81023 0.00050 -0.0182502616 -0.0118239038 
9.81090 0.00050 -0.0184498083 -0.0120247567 
9.81157 0.00050 -0.0186490242 -0.0122252766 
9.81224 0.00050 -0.0188479351 -0.0124254895 
9.81291 0.00050 -0.0190465670 -0.0126254217 
9.81358 0.00050 -0.0192448402 -0.0128249927 
9.81425 0.00050 -0.0194428865 -0.0130243354 
9.81491 0.00050 -0.0196405465 -0.0132232892 
9.81558 0.00050 -0.0198379523 -0.0134219872 
9.81624 0.00050 -0.0200350769 -0.0136204022 
9.81690 0.00050 -0.0202318668 -0.0138184802 
9.81756 0.00050 -0.0204283481 -0.0140162477 
9.81822 0.00050 -0.0206245469 -0.0142137308 
9.81888 0.00050 -0.0208204362 -0.0144109023 
9.81954 0.00050 -0.0210165475 -0.0146082973 
9.82020 0.00050 -0.0212118698 -0.0148048981 
9.82086 0.00050 -0.0214068546 -0.0150011593 
9.82151 0.00050 -0.0216015813 -0.0151971607 
9.82217 0.00050 -0.0217960230 -0.0153928751 
9.82282 0.00050 -0.0219901257 -0.0155882484 
9.82347 0.00050 -0.0221839958 -0.0157833875 
9.82413 0.00050 -0.0223775262 -0.0159781847 
9.82478 0.00050 -0.0225707963 -0.0161727200 
9.82543 0.00050 -0.0227637525 -0.0163669392 
9.82607 0.00050 -0.0229564210 -0.0165608689 
9.82672 0.00050 -0.0231488281 -0.0167545355 
9.82737 0.00050 -0.0233409199 -0.0169478847 
9.82801 0.00050 -0.0235327495 -0.0171409699 
9.82866 0.00050 -0.0237242897 -0.0173337639 
9.82930 0.00050 -0.0239155401 -0.0175262662 
9.82995 0.00050 -0.0241065003 -0.0177184763 
9.83059 0.00050 -0.0242972233 -0.0179104479 
9.83123 0.00050 -0.0244876018 -0.0181020725 
9.83187 0.00050 -0.0246777424 -0.0182934578 
9.83251 0.00050 -0.0248675643 -0.0184845222 
9.83315 0.00050 -0.0250571475 -0.0186753464 
9.83378 0.00050 -0.0252464113 -0.0188658490 
9.83442 0.00050 -0.0254354356 -0.0190561106 
9.83506 0.00050 -0.0256241664 -0.0192460769 
9.83569 0.00050 -0.0258126301 -0.0194357742 
9.83632 0.00050 -0.0260008265 -0.0196252025 
9.83696 0.00050 -0.0261887281 -0.0198143340 
9.83759 0.00050 -0.0263763345 -0.0200031685 
9.83822 0.00050 -0.0265637262 -0.0201917869 
9.83885 0.00050 -0.0267507951 -0.0203800802 
9.83948 0.00050 -0.0269375945 -0.0205681024 
9.84010 0.00050 -0.0271227483 -0.0207544682 
9.84073 0.00050 -0.0273076578 -0.0209405880 
9.84136 0.00050 -0.0274922685 -0.0211264072 
9.84198 0.00050 -0.0276766341 -0.0213119796 
9.84261 0.00050 -0.0278607002 -0.0214972506 
9.84323 0.00050 -0.0280445205 -0.0216822742 
9.84385 0.00050 -0.0282280675 -0.0218670226 
9.84448 0.00050 -0.0284113680 -0.0220515230 
9.84510 0.00050 -0.0285948817 -0.0222362379 
9.84572 0.00050 -0.0287776340 -0.0224201864 
9.84634 0.00050 -0.0289601657 -0.0226039130 
9.84696 0.00050 -0.0291424224 -0.0227873627 
9.84757 0.00050 -0.0293244035 -0.0229705350 
9.84819 0.00050 -0.0295061360 -0.0231534571 
9.84880 0.00050 -0.0296875922 -0.0233361011 
9.84942 0.00050 -0.0298688262 -0.0235185214 
9.85003 0.00050 -0.0300497832 -0.0237006629 
9.85065 0.00050 -0.0302304901 -0.0238825527 
9.85126 0.00050 -0.0304109464 -0.0240641903 
9.85187 0.00050 -0.0305911520 -0.0242455755 
9.85248 0.00050 -0.0307711065 -0.0244267079 
9.85309 0.00050 -0.0309507821 -0.0246075597 
9.85370 0.00050 -0.0311302331 -0.0247881853 
9.85431 0.00050 -0.0313094320 -0.0249685572 
9.85491 0.00050 -0.0314883510 -0.0251486473 
9.85552 0.00050 -0.0316670443 -0.0253285104 
9.85612 0.00050 -0.0318454845 -0.0255081185 
9.85673 0.00050 -0.0320236710 -0.0256874714 
9.85733 0.00050 -0.0322016308 -0.0258665962 
9.85793 0.00050 -0.0323793364 -0.0260454650 
9.85854 0.00050 -0.0325567875 -0.0262240776 
9.85914 0.00050 -0.0327339835 -0.0264024336 
9.85974 0.00050 -0.0329109517 -0.0265805601 
9.86034 0.00050 -0.0330876642 -0.0267584294 
9.86094 0.00050 -0.0332655984 -0.0269375283 
9.86153 0.00050 -0.0334435512 -0.0271166459 
9.86213 0.00050 -0.0336212762 -0.0272955343 
9.86273 0.00050 -0.0337987183 -0.0274741379 
9.86332 0.00050 -0.0339759319 -0.0276525115 
9.86392 0.00050 -0.0341529167 -0.0278306548 
9.86451 0.00050 -0.0343296450 -0.0280085399 
9.86510 0.00050 -0.0345061438 -0.0281861941 
9.86569 0.00050 -0.0346823854 -0.0283635893 
9.86629 0.00050 -0.0348574356 -0.0285397854 
9.86688 0.00050 -0.0350318151 -0.0287153063 
9.86747 0.00050 -0.0352059627 -0.0288905938 
9.86805 0.00050 -0.0353798506 -0.0290656201 
9.86864 0.00050 -0.0355535611 -0.0292404676 
9.86923 0.00050 -0.0357274241 -0.0294154687 
9.86982 0.00050 -0.0359006139 -0.0295897921 
9.87040 0.00050 -0.0360735702 -0.0297638806 
9.87099 0.00050 -0.0362463204 -0.0299377616 
9.87157 0.00050 -0.0364188090 -0.0301113792 
9.87216 0.00050 -0.0365910632 -0.0302847610 
9.87274 0.00050 -0.0367630829 -0.0304579067 
9.87332 0.00050 -0.0369349227 -0.0306308713 
9.87390 0.00050 -0.0371064721 -0.0308035437 
9.87448 0.00050 -0.0372778412 -0.0309760345 
9.87506 0.00050 -0.0374489468 -0.0311482601 
9.87564 0.00050 -0.0376198162 -0.0313202480 
9.87622 0.00050 -0.0377905044 -0.0314920536 
9.87679 0.00050 -0.0379609283 -0.0316635930 
9.87737 0.00050 -0.0381311428 -0.0318349216 
9.87795 0.00050 -0.0383011199 -0.0320060114 
9.87852 0.00050 -0.0384708870 -0.0321768898 
9.87910 0.00050 -0.0386404162 -0.0323475287 
9.87967 0.00050 -0.0388097071 -0.0325179278 
9.88024 0.00050 -0.0389788150 -0.0326881425 
9.88081 0.00050 -0.0391476840 -0.0328581170 
9.88138 0.00050 -0.0393163138 -0.0330278506 
9.88195 0.00050 -0.0394847321 -0.0331973713 
9.88252 0.00050 -0.0396529105 -0.0333666506 
9.88309 0.00050 -0.0398209046 -0.0335357443 
9.88366 0.00050 -0.0399886861 -0.0337046242 
9.88423 0.00050 -0.0401561993 -0.0338732338 
9.88479 0.00050 -0.0403235271 -0.0340416570 
9.88536 0.00050 -0.0404906139 -0.0342098374 
9.88593 0.00050 -0.0406575148 -0.0343778309 
9.88649 0.00050 -0.0408242019 -0.0345456090 
9.88705 0.00050 -0.0409906469 -0.0347131435 
9.88762 0.00050 -0.0411568774 -0.0348804622 
9.88818 0.00050 -0.0408401757 -0.0350475648 
9.88874 0.00050 -0.0410060880 -0.0352144790 
9.88930 0.00050 -0.0411717570 -0.0353811485 
9.88986 0.00050 -0.0413372103 -0.0355476011 
9.89042 0.00050 -0.0415024756 -0.0357138645 
9.89098 0.00050 -0.0416674968 -0.0358798823 
9.89154 0.00050 -0.0418323295 -0.0360457105 
9.89209 0.00050 -0.0419973930 -0.0362117708 
9.89265 0.00050 -0.0421617642 -0.0363771347 
9.89321 0.00050 -0.0423259741 -0.0365423363 
9.89376 0.00050 -0.0424899385 -0.0367072909 
9.89432 0.00050 -0.0426537131 -0.0368720546 
9.89487 0.00050 -0.0428172697 -0.0370365989 
9.89542 0.00050 -0.0429806359 -0.0372009518 
9.89597 0.00050 -0.0431437836 -0.0373650847 
9.89653 0.00050 -0.0433067404 -0.0375290257 
9.89708 0.00050 -0.0434694782 -0.0376927463 
9.89763 0.00050 -0.0436320247 -0.0378562744 
9.89818 0.00050 -0.0437943235 -0.0380195534 
9.89872 0.00050 -0.0439564304 -0.0381826394 
9.89927 0.00050 -0.0441183453 -0.0383455321 
9.89982 0.00050 -0.0442800679 -0.0385082314 
9.90037 0.00050 -0.0444415699 -0.0386707087 
9.90091 0.00050 -0.0446028790 -0.0388329920 
9.90146 0.00050 -0.0447639951 -0.0389950812 
9.90200 0.00050 -0.0449248899 -0.0391569476 
9.90255 0.00050 -0.0450855910 -0.0393186193 
9.90309 0.00050 -0.0452460702 -0.0394800676 
9.90363 0.00050 -0.0454063555 -0.0396413209 
9.90417 0.00050 -0.0455664464 -0.0398023786 
9.90471 0.00050 -0.0457263428 -0.0399632407 
9.90526 0.00050 -0.0458860727 -0.0401239353 
9.90580 0.00050 -0.0460455512 -0.0402843769 
9.90633 0.00050 -0.0462048627 -0.0404446505 
9.90687 0.00050 -0.0463639505 -0.0406046990 
9.90741 0.00050 -0.0465228708 -0.0407645791 
9.90795 0.00050 -0.0466815669 -0.0409242336 
9.90848 0.00050 -0.0468400951 -0.0410837192 
9.90902 0.00050 -0.0469983986 -0.0412429788 
9.90955 0.00050 -0.0471565337 -0.0414020689 
9.91009 0.00050 -0.0473144437 -0.0415609326 
9.91062 0.00050 -0.0474722131 -0.0417196548 
9.91116 0.00050 -0.0476297570 -0.0418781501 
9.91169 0.00050 -0.0477870748 -0.0420364179 
9.91222 0.00050 -0.0479442231 -0.0421945154 
9.91275 0.00050 -0.0481012018 -0.0423524421 
9.91328 0.00050 -0.0482579822 -0.0425101693 
9.91381 0.00050 -0.0484149331 -0.0426680680 
9.91434 0.00050 -0.0485713446 -0.0428254242 
9.91487 0.00050 -0.0487275289 -0.0429825517 
9.91540 0.00050 -0.0488835139 -0.0431394787 
9.91593 0.00050 -0.0490393563 -0.0432962623 
9.91645 0.00050 -0.0491949706 -0.0434528164 
9.91698 0.00050 -0.0493504134 -0.0436091980 
9.91751 0.00050 -0.0495056845 -0.0437654068 
9.91803 0.00050 -0.0496607553 -0.0439214141 
9.91855 0.00050 -0.0498156255 -0.0440772196 
9.91908 0.00050 -0.0499703234 -0.0442328518 
9.91960 0.00050 -0.0501247062 -0.0443881670 
9.92012 0.00050 -0.0502777473 -0.0445421323 
9.92064 0.00050 -0.0504305860 -0.0446958940 
9.92117 0.00050 -0.0505832506 -0.0448494806 
9.92169 0.00050 -0.0507357408 -0.0450028918 
9.92221 0.00050 -0.0508880280 -0.0451560987 
9.92272 0.00050 -0.0510401405 -0.0453091298 
9.92324 0.00050 -0.0511920780 -0.0454619849 
9.92376 0.00050 -0.0513438118 -0.0456146350 
9.92428 0.00050 -0.0514953988 -0.0457671375 
9.92480 0.00050 -0.0516467817 -0.0459194346 
9.92531 0.00050 -0.0517979887 -0.0460715548 
9.92583 0.00050 -0.0519490199 -0.0462234981 
9.92634 0.00050 -0.0520998748 -0.0463752640 
9.92686 0.00050 -0.0522505533 -0.0465268526 
9.92737 0.00050 -0.0524010553 -0.0466782635 
9.92788 0.00050 -0.0525513804 -0.0468294964 
9.92839 0.00050 -0.0527015286 -0.0469805514 
9.92891 0.00050 -0.0528514709 -0.0471313992 
9.92942 0.00050 -0.0530012644 -0.0472820974 
9.92993 0.00050 -0.0531508803 -0.0474326169 
9.93044 0.00050 -0.0533003185 -0.0475829575 
9.93095 0.00050 -0.0534495786 -0.0477331191 
9.93146 0.00050 -0.0535986605 -0.0478831014 
9.93196 0.00050 -0.0537475640 -0.0480329041 
9.93247 0.00050 -0.0538963176 -0.0481825561 
9.93298 0.00050 -0.0540448637 -0.0483319993 
9.93349 0.00050 -0.0541932307 -0.0484812623 
9.93399 0.00050 -0.0543414762 -0.0486304030 
9.93450 0.00050 -0.0544898876 -0.0487797108 
9.93500 0.00050 -0.0546378317 -0.0489285484 
9.93551 0.00050 -0.0547856249 -0.0490772341 
9.93601 0.00050 -0.0549332093 -0.0492257098 
9.93651 0.00050 -0.0550806424 -0.0493740333 
9.93702 0.00050 -0.0552279240 -0.0495222044 
9.93752 0.00050 -0.0553749963 -0.0496701649 
9.93802 0.00050 -0.0555219166 -0.0498179725 
9.93852 0.00050 -0.0556686849 -0.0499656271 
9.93902 0.00050 -0.0558152721 -0.0501130996 
9.93952 0.00050 -0.0559616780 -0.0502603897 
9.94002 0.00050 -0.0561079313 -0.0504075262 
9.94052 0.00050 -0.0562540028 -0.0505544799 
9.94102 0.00050 -0.0563967984 -0.0506981379 
9.94151 0.00050 -0.0565374429 -0.0508396318 
9.94201 0.00050 -0.0566779596 -0.0509809971 
9.94251 0.00050 -0.0568182904 -0.0511221754 
9.94300 0.00050 -0.0569584932 -0.0512632249 
9.94350 0.00050 -0.0570985099 -0.0514040872 
9.94399 0.00050 -0.0572383691 -0.0515447911 
9.94449 0.00050 -0.0573780708 -0.0516853365 
9.94498 0.00050 -0.0575176438 -0.0518257524 
9.94547 0.00050 -0.0576588860 -0.0519678475 
9.94597 0.00050 -0.0578025243 -0.0521123533 
9.94646 0.00050 -0.0579460072 -0.0522567028 
9.94695 0.00050 -0.0580893347 -0.0524008958 
9.94744 0.00050 -0.0582325064 -0.0525449322 
9.94793 0.00050 -0.0583755224 -0.0526888119 
9.94842 0.00050 -0.0585183823 -0.0528325345 
9.94891 0.00050 -0.0586610278 -0.0529760416 
9.94940 0.00050 -0.0588035752 -0.0531194498 
9.94988 0.00050 -0.0589459369 -0.0532626713 
9.95037 0.00050 -0.0590881419 -0.0534057351 
9.95086 0.00050 -0.0592301900 -0.0535486411 
9.95134 0.00050 -0.0593720811 -0.0536913891 
9.95183 0.00050 -0.0595138150 -0.0538339789 
9.95232 0.00050 -0.0596553622 -0.0539763810 
9.95280 0.00050 -0.0597967811 -0.0541186539 
9.95328 0.00050 -0.0599380422 -0.0542607682 
9.95377 0.00050 -0.0600791454 -0.0544027235 
9.95429 0.00050 -0.0602316435 -0.0545561426 
9.95477 0.00050 -0.0603724049 -0.0546977541 
9.95526 0.00050 -0.0605130079 -0.0548392063 
9.95574 0.00050 -0.0606534816 -0.0549805283 
9.95622 0.00050 -0.0607937672 -0.0551216611 
9.95670 0.00050 -0.0609339231 -0.0552626634 
9.95718 0.00050 -0.0610739199 -0.0554035057 
9.95766 0.00050 -0.0612137574 -0.0555441877 
9.95814 0.00050 -0.0613534355 -0.0556847094 
9.95861 0.00050 -0.0614929832 -0.0558250998 
9.95909 0.00050 -0.0616323419 -0.0559653002 
9.95957 0.00050 -0.0617715699 -0.0561053690 
9.96005 0.00050 -0.0619106378 -0.0562452768 
9.96052 0.00050 -0.0620495455 -0.0563850234 
9.96100 0.00050 -0.0621883220 -0.0565246380 
9.96147 0.00050 -0.0623269673 -0.0566641206 
9.96195 0.00050 -0.0624653931 -0.0568033824 
9.96242 0.00050 -0.0626037167 -0.0569425414 
9.96289 0.00050 -0.0627418792 -0.0570815383 
9.96337 0.00050 -0.0628799099 -0.0572204025 
9.96384 0.00050 -0.0630177497 -0.0573590748 
9.96431 0.00050 -0.0631554573 -0.0574976141 
9.96478 0.00050 -0.0632930327 -0.0576360203 
9.96525 0.00050 -0.0634304461 -0.0577742636 
9.96572 0.00050 -0.0635676974 -0.0579123438 
9.96619 0.00050 -0.0637048160 -0.0580502905 
9.96666 0.00050 -0.0638417722 -0.0581880738 
9.96713 0.00050 -0.0639785953 -0.0583257232 
9.96760 0.00050 -0.0641152851 -0.0584632385 
9.96807 0.00050 -0.0642517826 -0.0586005604 
9.96854 0.00050 -0.0643881760 -0.0587377775 
9.96900 0.00050 -0.0645243768 -0.0588748009 
9.96947 0.00050 -0.0646605027 -0.0590117488 
9.96994 0.00050 -0.0647964062 -0.0591484730 
9.97040 0.00050 -0.0649322345 -0.0592851216 
9.97087 0.00050 -0.0650678400 -0.0594215461 
9.97133 0.00050 -0.0652033405 -0.0595578650 
9.97179 0.00050 -0.0653387065 -0.0596940485 
9.97226 0.00050 -0.0654739377 -0.0598300964 
9.97272 0.00050 -0.0656090046 -0.0599659789 
9.97322 0.00050 -0.0657550176 -0.0601128738 
9.97368 0.00050 -0.0658897882 -0.0602484583 
9.97414 0.00050 -0.0660243938 -0.0603838768 
9.97460 0.00050 -0.0661592485 -0.0605195459 
9.97506 0.00050 -0.0662941158 -0.0606552277 
9.97552 0.00050 -0.0664288771 -0.0607908029 
9.97598 0.00050 -0.0665634734 -0.0609262120 
9.97644 0.00050 -0.0666979043 -0.0610614548 
9.97690 0.00050 -0.0668322290 -0.0611965907 
9.97736 0.00050 -0.0669663880 -0.0613315600 
9.97782 0.00050 -0.0671004406 -0.0614664221 
9.97827 0.00050 -0.0672343272 -0.0616011173 
9.97873 0.00050 -0.0673677215 -0.0617353172 
9.97919 0.00050 -0.0675004746 -0.0618688720 
9.97964 0.00050 -0.0676330904 -0.0620022887 
9.98010 0.00050 -0.0677655689 -0.0621355673 
9.98055 0.00050 -0.0678979395 -0.0622687374 
9.98101 0.00050 -0.0680301428 -0.0624017390 
9.98146 0.00050 -0.0681622381 -0.0625346321 
9.98191 0.00050 -0.0682941656 -0.0626673564 
9.98237 0.00050 -0.0684259552 -0.0627999418 
9.98282 0.00050 -0.0685576362 -0.0629324181 
9.98327 0.00050 -0.0686891194 -0.0630646954 
9.98372 0.00050 -0.0688205237 -0.0631968932 
9.98417 0.00050 -0.0689517893 -0.0633289516 
9.98462 0.00050 -0.0690828864 -0.0634608404 
9.98507 0.00050 -0.0692138744 -0.0635926195 
9.98552 0.00050 -0.0693447233 -0.0637242586 
9.98597 0.00050 -0.0694754331 -0.0638557578 
9.98642 0.00050 -0.0696060334 -0.0639871469 
9.98687 0.00050 -0.0697364346 -0.0641183356 
9.98731 0.00050 -0.0698667858 -0.0642494740 
9.98776 0.00050 -0.0699969077 -0.0643803818 
9.98821 0.00050 -0.0701269495 -0.0645112089 
9.98865 0.00050 -0.0702568811 -0.0646419252 
9.98910 0.00050 -0.0703866129 -0.0647724405 
9.98955 0.00050 -0.0705162642 -0.0649028748 
9.98999 0.00050 -0.0706457453 -0.0650331378 
9.99044 0.00050 -0.0707751456 -0.0651633196 
9.99088 0.00050 -0.0709044053 -0.0652933599 
9.99136 0.00050 -0.0710440540 -0.0654338520 
9.99180 0.00050 -0.0711730651 -0.0655636422 
9.99224 0.00050 -0.0713018752 -0.0656932303 
9.99269 0.00050 -0.0714305741 -0.0658227064 
9.99313 0.00050 -0.0715591617 -0.0659520706 
9.99357 0.00050 -0.0716875779 -0.0660812623 
9.99401 0.00050 -0.0718159123 -0.0662103718 
9.99445 0.00050 -0.0719440751 -0.0663393086 
9.99489 0.00050 -0.0720721561 -0.0664681631 
9.99533 0.00050 -0.0722000651 -0.0665968445 
9.99577 0.00050 -0.0723278319 -0.0667253830 
9.99621 0.00050 -0.0724555165 -0.0668538387 
9.99665 0.00050 -0.0725830288 -0.0669821211 
9.99708 0.00050 -0.0727104587 -0.0671103205 
9.99752 0.00050 -0.0728377158 -0.0672383462 
9.99796 0.00050 -0.0729648903 -0.0673662888 
9.99839 0.00050 -0.0730918919 -0.0674940574 
9.99883 0.00050 -0.0732187806 -0.0676217123 
9.99926 0.00050 -0.0733455561 -0.0677492535 
9.99970 0.00050 -0.0734721884 -0.0678766506 
10.00013 0.00050 -0.0735987375 -0.0680039639 
10.00057 0.00050 -0.0737251130 -0.0681311026 
10.00100 0.00050 -0.0738513449 -0.0682580968 
10.00144 0.00050 -0.0739774932 -0.0683850070 
10.00187 0.00050 -0.0741034976 -0.0685117724 
10.00230 0.00050 -0.0742293881 -0.0686384232 
10.00273 0.00050 -0.0743551345 -0.0687649290 
10.00316 0.00050 -0.0744807969 -0.0688913502 
10.00360 0.00050 -0.0746063149 -0.0690176263 
10.00403 0.00050 -0.0747316884 -0.0691437570 
10.00446 0.00050 -0.0748569474 -0.0692697725 
10.00489 0.00050 -0.0749820918 -0.0693956726 
10.00532 0.00050 -0.0751064270 -0.0695207587 
10.00574 0.00050 -0.0752305866 -0.0696456681 
10.00617 0.00050 -0.0753546006 -0.0697704311 
10.00660 0.00050 -0.0754784991 -0.0698950779 
10.00703 0.00050 -0.0756023123 -0.0700196388 
10.00746 0.00050 -0.0757259190 -0.0701439920 
10.00788 0.00050 -0.0758511341 -0.0702699633 
10.00831 0.00050 -0.0759804402 -0.0704000503 
10.00877 0.00050 -0.0761202276 -0.0705406819 
10.00920 0.00050 -0.0762492510 -0.0706704845 
10.00962 0.00050 -0.0763781615 -0.0708001736 
10.01005 0.00050 -0.0765069591 -0.0709297490 
10.01047 0.00050 -0.0766356133 -0.0710591801 
10.01089 0.00050 -0.0767641542 -0.0711884974 
10.01132 0.00050 -0.0768925516 -0.0713176702 
10.01174 0.00050 -0.0770186212 -0.0714445012 
10.01216 0.00050 -0.0771408745 -0.0715674928 
10.01259 0.00050 -0.0772629803 -0.0716903360 
10.01301 0.00050 -0.0773849689 -0.0718130614 
10.01343 0.00050 -0.0775068705 -0.0719356991 
10.01385 0.00050 -0.0776286547 -0.0720582188 
10.01427 0.00050 -0.0777502910 -0.0721805897 
10.01469 0.00050 -0.0778718399 -0.0723028726 
10.01511 0.00050 -0.0779932407 -0.0724250066 
10.01553 0.00050 -0.0781145236 -0.0725470219 
10.01595 0.00050 -0.0782357189 -0.0726689492 
10.01637 0.00050 -0.0783567657 -0.0727907270 
10.01679 0.00050 -0.0784776942 -0.0729123859 
10.01720 0.00050 -0.0785985349 -0.0730339564 
10.01762 0.00050 -0.0787192572 -0.0731554077 
10.01804 0.00050 -0.0788398304 -0.0732767091 
10.01846 0.00050 -0.0789603460 -0.0733979525 
10.01887 0.00050 -0.0790807123 -0.0735190458 
10.01929 0.00050 -0.0792009294 -0.0736399888 
10.01970 0.00050 -0.0793210884 -0.0737608735 
10.02012 0.00050 -0.0794410978 -0.0738816077 
10.02053 0.00050 -0.0795610186 -0.0740022527 
10.02095 0.00050 -0.0796808201 -0.0741227777 
10.02136 0.00050 -0.0798004717 -0.0742431519 
10.02177 0.00050 -0.0799200343 -0.0743634367 
10.02219 0.00050 -0.0800394774 -0.0744836010 
10.02260 0.00050 -0.0801588312 -0.0746036757 
10.02301 0.00050 -0.0802780348 -0.0747235992 
10.02342 0.00050 -0.0803971795 -0.0748434635 
10.02384 0.00050 -0.0805161431 -0.0749631454 
10.02425 0.00050 -0.0806350171 -0.0750827374 
10.02466 0.00050 -0.0807538321 -0.0752022699 
10.02507 0.00050 -0.0808718229 -0.0753209733 
10.02551 0.00050 -0.0809978051 -0.0754477164 
10.02592 0.00050 -0.0811141172 -0.0755647309 
10.02633 0.00050 -0.0812303075 -0.0756816229 
10.02674 0.00050 -0.0813464066 -0.0757984232 
10.02715 0.00050 -0.0814623837 -0.0759151006 
10.02755 0.00050 -0.0815782693 -0.0760316862 
10.02796 0.00050 -0.0816940327 -0.0761481487 
10.02837 0.00050 -0.0818097045 -0.0762645191 
10.02878 0.00050 -0.0819255914 -0.0763811058 
10.02918 0.00050 -0.0820431358 -0.0764993601 
10.02959 0.00050 -0.0821605587 -0.0766174921 
10.02999 0.00050 -0.0822778908 -0.0767355328 
10.03040 0.00050 -0.0823951012 -0.0768534510 
10.03080 0.00050 -0.0825122205 -0.0769712777 
10.03121 0.00050 -0.0826292180 -0.0770889818 
10.03161 0.00050 -0.0827461243 -0.0772065941 
10.03202 0.00050 -0.0828629085 -0.0773240836 
10.03242 0.00050 -0.0829796013 -0.0774414811 
10.03282 0.00050 -0.0830961718 -0.0775587557 
10.03323 0.00050 -0.0832125892 -0.0776758761 
10.03363 0.00050 -0.0833289765 -0.0777929663 
10.03403 0.00050 -0.0834452105 -0.0779099022 
10.03443 0.00050 -0.0835613525 -0.0780267457 
10.03483 0.00050 -0.0836773718 -0.0781434656 
10.03523 0.00050 -0.0837933298 -0.0782601240 
10.03563 0.00050 -0.0839091341 -0.0783766276 
10.03603 0.00050 -0.0840248461 -0.0784930385 
10.03643 0.00050 -0.0841404351 -0.0786093255 
10.03683 0.00050 -0.0842559316 -0.0787255195 
10.03723 0.00050 -0.0843713046 -0.0788415893 
10.03763 0.00050 -0.0844866160 -0.0789575971 
10.03803 0.00050 -0.0846018039 -0.0790734806 
10.03843 0.00050 -0.0847168681 -0.0791892397 
10.03882 0.00050 -0.0848318394 -0.0793049054 
10.03922 0.00050 -0.0849466869 -0.0794204465 
10.03962 0.00050 -0.0850614723 -0.0795359250 
10.04002 0.00050 -0.0851761027 -0.0796512478 
10.04041 0.00050 -0.0852906708 -0.0797665078 
10.04081 0.00050 -0.0854051147 -0.0798816429 
10.04120 0.00050 -0.0855194343 -0.0799966528 
10.04163 0.00050 -0.0856430671 -0.0801210323 
10.04202 0.00050 -0.0857571712 -0.0802358254 
10.04242 0.00050 -0.0858712125 -0.0803505555 
10.04281 0.00050 -0.0859851291 -0.0804651601 
10.04321 0.00050 -0.0860989210 -0.0805796392 
10.04360 0.00050 -0.0862126498 -0.0806940548 
10.04399 0.00050 -0.0863262537 -0.0808083448 
10.04438 0.00050 -0.0864397635 -0.0809225401 
10.04478 0.00050 -0.0865531791 -0.0810366407 
10.04517 0.00050 -0.0866665004 -0.0811506463 
10.04556 0.00050 -0.0867796654 -0.0812644947 
10.04595 0.00050 -0.0868927669 -0.0813782793 
10.04634 0.00050 -0.0870057428 -0.0814919375 
10.04673 0.00050 -0.0871186552 -0.0816055318 
10.04712 0.00050 -0.0872314418 -0.0817189996 
10.04751 0.00050 -0.0873441647 -0.0818324032 
10.04790 0.00050 -0.0874567306 -0.0819456490 
10.04829 0.00050 -0.0875692015 -0.0820587991 
10.04868 0.00050 -0.0876816085 -0.0821718850 
10.04907 0.00050 -0.0877938893 -0.0822848438 
10.04945 0.00050 -0.0879060748 -0.0823977069 
10.04984 0.00050 -0.0880181650 -0.0825104740 
10.05023 0.00050 -0.0881301600 -0.0826231453 
10.05062 0.00050 -0.0882420594 -0.0827357205 
10.05100 0.00050 -0.0883538321 -0.0828481682 
10.05139 0.00050 -0.0884655403 -0.0829605511 
10.05177 0.00050 -0.0885770905 -0.0830727750 
10.05216 0.00050 -0.0886886073 -0.0831849652 
10.05254 0.00050 -0.0887999658 -0.0832969963 
10.05293 0.00050 -0.0889112907 -0.0834089935 
10.05331 0.00050 -0.0890224572 -0.0835208314 
10.05370 0.00050 -0.0891335588 -0.0836326039 
10.05408 0.00050 -0.0892445641 -0.0837442797 
10.05447 0.00050 -0.0893554732 -0.0838558585 
10.05485 0.00050 -0.0894662546 -0.0839673090 
10.05523 0.00050 -0.0895769708 -0.0840786939 
10.05561 0.00050 -0.0896875905 -0.0841899816 
10.05600 0.00050 -0.0897981136 -0.0843011721 
10.05638 0.00050 -0.0899085087 -0.0844122339 
10.05676 0.00050 -0.0900188382 -0.0845232298 
10.05717 0.00050 -0.0901380446 -0.0846431561 
10.05755 0.00050 -0.0902482140 -0.0847539908 
10.05793 0.00050 -0.0903581924 -0.0848646334 
10.05831 0.00050 -0.0904681363 -0.0849752413 
10.05869 0.00050 -0.0905779517 -0.0850857199 
10.05907 0.00050 -0.0906877012 -0.0851961322 
10.05945 0.00050 -0.0907973220 -0.0853064150 
10.05983 0.00050 -0.0909068453 -0.0854165998 
10.06021 0.00050 -0.0910163025 -0.0855267180 
10.06059 0.00050 -0.0911256620 -0.0856367379 
10.06096 0.00050 -0.0912348925 -0.0857466281 
10.06134 0.00050 -0.0913440565 -0.0858564515 
10.06172 0.00050 -0.0914531228 -0.0859661764 
10.06210 0.00050 -0.0915620598 -0.0860757712 
10.06247 0.00050 -0.0916709614 -0.0861853306 
10.06285 0.00050 -0.0917797337 -0.0862947598 
10.06322 0.00050 -0.0918884078 -0.0864040902 
10.06360 0.00050 -0.0919970150 -0.0865133533 
10.06397 0.00050 -0.0921055239 -0.0866225175 
10.06435 0.00050 -0.0922139030 -0.0867315512 
10.06472 0.00050 -0.0923222152 -0.0868405174 
10.06510 0.00050 -0.0924304287 -0.0869493844 
10.06547 0.00050 -0.0925385749 -0.0870581838 
10.06584 0.00050 -0.0926465911 -0.0871668524 
10.06622 0.00050 -0.0927545399 -0.0872754531 
10.06659 0.00050 -0.0928623584 -0.0873839227 
10.06696 0.00050 -0.0929701094 -0.0874923245 
10.06734 0.00050 -0.0930777929 -0.0876006583 
10.06771 0.00050 -0.0931853458 -0.0877088607 
10.06808 0.00050 -0.0932928310 -0.0878169951 
10.06845 0.00050 -0.0934002170 -0.0879250296 
10.06882 0.00050 -0.0935075036 -0.0880329641 
10.06919 0.00050 -0.0936147223 -0.0881408304 
10.06956 0.00050 -0.0937218416 -0.0882485966 
10.06993 0.00050 -0.0938288298 -0.0883562308 
10.07030 0.00050 -0.0939357814 -0.0884638284 
10.07067 0.00050 -0.0940426017 -0.0885712938 
10.07104 0.00050 -0.0941493538 -0.0886786906 
10.07141 0.00050 -0.0942560061 -0.0887859870 
10.07178 0.00050 -0.0943625900 -0.0888932146 
10.07218 0.00050 -0.0944777908 -0.0890091111 
10.07254 0.00050 -0.0945841767 -0.0891161395 
10.07291 0.00050 -0.0946904625 -0.0892230672 
10.07328 0.00050 -0.0947966480 -0.0893298939 
10.07365 0.00050 -0.0949027648 -0.0894366516 
10.07401 0.00050 -0.0950087812 -0.0895433083 
10.07438 0.00050 -0.0951146971 -0.0896498639 
10.07474 0.00050 -0.0952205441 -0.0897563501 
10.07511 0.00050 -0.0948709941 -0.0898627351 
10.07548 0.00050 -0.0954319361 -0.0899690187 
10.07584 0.00050 -0.0955375126 -0.0900752329 
10.07621 0.00050 -0.0951878831 -0.0901813775 
10.07657 0.00050 -0.0952933109 -0.0902873886 
10.07693 0.00050 -0.0958537003 -0.0903933301 
10.07730 0.00050 -0.0959589046 -0.0904991698 
10.07766 0.00050 -0.0956091146 -0.0906049396 
10.07802 0.00050 -0.0961673293 -0.0907088532 
10.07839 0.00050 -0.0962618907 -0.0908039857 
10.07875 0.00050 -0.0963563458 -0.0908990112 
10.07911 0.00050 -0.0964507582 -0.0909939938 
10.07947 0.00050 -0.0965450325 -0.0910888375 
10.07984 0.00050 -0.0966392957 -0.0911836700 
10.08020 0.00050 -0.0967334526 -0.0912783954 
10.08056 0.00050 -0.0968275346 -0.0913730457 
10.08092 0.00050 -0.0969215419 -0.0914676207 
10.08128 0.00050 -0.0970154426 -0.0915620885 
10.08164 0.00050 -0.0971093002 -0.0916565129 
10.08200 0.00050 -0.0972098845 -0.0917577047 
10.08236 0.00050 -0.0973137350 -0.0918621823 
10.08272 0.00050 -0.0974174515 -0.0919665252 
10.08308 0.00050 -0.0975210975 -0.0920707971 
10.08344 0.00050 -0.0976246411 -0.0921749661 
10.08379 0.00050 -0.0977280823 -0.0922790320 
10.08415 0.00050 -0.0978314846 -0.0923830588 
10.08451 0.00050 -0.0979347843 -0.0924869823 
10.08487 0.00050 -0.0980379814 -0.0925908026 
10.08523 0.00050 -0.0981411076 -0.0926945516 
10.08558 0.00050 -0.0982441628 -0.0927982292 
10.08594 0.00050 -0.0983471153 -0.0929018034 
10.08629 0.00050 -0.0984499966 -0.0930053061 
10.08668 0.00050 -0.0985612240 -0.0931172052 
10.08704 0.00050 -0.0986639012 -0.0932205025 
10.08739 0.00050 -0.0987665391 -0.0933237603 
10.08775 0.00050 -0.0988690738 -0.0934269142 
10.08810 0.00050 -0.0989715051 -0.0935299641 
10.08846 0.00050 -0.0990738650 -0.0936329422 
10.08881 0.00050 -0.0991761534 -0.0937358484 
10.08916 0.00050 -0.0992783702 -0.0938386825 
10.08952 0.00050 -0.0993804516 -0.0939413803 
10.08987 0.00050 -0.0994824931 -0.0940440381 
10.09022 0.00050 -0.0995844310 -0.0941465916 
10.09058 0.00050 -0.0996862970 -0.0942490728 
10.09093 0.00050 -0.0997880912 -0.0943514818 
10.09128 0.00050 -0.0998897814 -0.0944537861 
10.09163 0.00050 -0.0999913997 -0.0945560181 
10.09199 0.00050 -0.1000929458 -0.0946581775 
10.09234 0.00050 -0.1001944198 -0.0947602643 
10.09269 0.00050 -0.1002957577 -0.0948622142 
10.09304 0.00050 -0.1003970232 -0.0949640913 
10.09339 0.00050 -0.1004982806 -0.0950659602 
10.09374 0.00050 -0.1005993694 -0.0951676595 
10.09409 0.00050 -0.1007004179 -0.0952693182 
10.09444 0.00050 -0.1008013618 -0.0953708718 
10.09479 0.00050 -0.1009022652 -0.0954723846 
10.09514 0.00050 -0.1010030640 -0.0955737921 
10.09549 0.00050 -0.1011037900 -0.0956751265 
10.09584 0.00050 -0.1012044113 -0.0957763554 
10.09618 0.00050 -0.1013049597 -0.0958775111 
10.09653 0.00050 -0.1014053069 -0.0959784643 
10.09688 0.00050 -0.1015056133 -0.0960793764 
10.09723 0.00050 -0.1016058466 -0.0961802151 
10.09757 0.00050 -0.1017059748 -0.0962809479 
10.09792 0.00050 -0.1018060298 -0.0963816072 
10.09827 0.00050 -0.1019059794 -0.0964821605 
10.09861 0.00050 -0.1020058880 -0.0965826724 
10.09896 0.00050 -0.1021057232 -0.0966831106 
10.09931 0.00050 -0.1022054529 -0.0967834426 
10.09965 0.00050 -0.1023051092 -0.0968837007 
10.10000 0.00050 -0.1024046920 -0.0969838849 
10.10037 0.00050 -0.1025124062 -0.0970922496 
10.10072 0.00050 -0.1026117794 -0.0971922229 
10.10106 0.00050 -0.1027111432 -0.0972921868 
10.10140 0.00050 -0.1028104011 -0.0973920442 
10.10175 0.00050 -0.1029095530 -0.0974917949 
10.10209 0.00050 -0.1030086632 -0.0975915037 
10.10243 0.00050 -0.1031076996 -0.0976911382 
10.10278 0.00050 -0.1032066298 -0.0977906658 
10.10312 0.00050 -0.1033055182 -0.0978901514 
10.10346 0.00050 -0.1034042680 -0.0979894976 
10.10381 0.00050 -0.1035030082 -0.0980888341 
10.10415 0.00050 -0.1036016419 -0.0981880635 
10.10449 0.00050 -0.1037002014 -0.0982872182 
10.10483 0.00050 -0.1037986542 -0.0983862656 
10.10517 0.00050 -0.1038970973 -0.0984853032 
10.10551 0.00050 -0.1039954013 -0.0985842009 
10.10585 0.00050 -0.1040936633 -0.0986830563 
10.10619 0.00050 -0.1041918183 -0.0987818041 
10.10653 0.00050 -0.1042898987 -0.0988804769 
10.10687 0.00050 -0.1043879045 -0.0989790745 
10.10721 0.00050 -0.1044858679 -0.0990776296 
10.10755 0.00050 -0.1045837242 -0.0991760768 
10.10789 0.00050 -0.1046815057 -0.0992744488 
10.10823 0.00050 -0.1047792122 -0.0993727455 
10.10857 0.00050 -0.1048768439 -0.0994709667 
10.10891 0.00050 -0.1049744329 -0.0995691451 
10.10924 0.00050 -0.1050719145 -0.0996672154 
10.10958 0.00050 -0.1051693210 -0.0997652102 
10.10992 0.00050 -0.1052666522 -0.0998631293 
10.11026 0.00050 -0.1053638760 -0.0999609402 
10.11059 0.00050 -0.1054610568 -0.1000587079 
10.11093 0.00050 -0.1055581623 -0.1001563998 
10.11127 0.00050 -0.1056551924 -0.1002540159 
10.11160 0.00050 -0.1057521146 -0.1003515235 
10.11194 0.00050 -0.1058490586 -0.1004490529 
10.11228 0.00050 -0.1059458298 -0.1005464086 
10.11261 0.00050 -0.1060425578 -0.1006437207 
10.11295 0.00050 -0.1061392102 -0.1007409568 
10.11328 0.00050 -0.1062357868 -0.1008381166 
10.11362 0.00050 -0.1063322876 -0.1009352002 
10.11398 0.00050 -0.1064366353 -0.1010401782 
10.11431 0.00050 -0.1065329862 -0.1011371109 
10.11464 0.00050 -0.1066292612 -0.1012339673 
10.11498 0.00050 -0.1067190916 -0.1013243403 
10.11531 0.00050 -0.1068087133 -0.1014145032 
10.11564 0.00050 -0.1068983211 -0.1015046522 
10.11598 0.00050 -0.1069878500 -0.1015947218 
10.11631 0.00050 -0.1070772999 -0.1016847119 
10.11664 0.00050 -0.1071666708 -0.1017746225 
10.11697 0.00050 -0.1072559625 -0.1018644535 
10.11731 0.00050 -0.1073452077 -0.1019542376 
10.11764 0.00050 -0.1074343736 -0.1020439421 
10.11797 0.00050 -0.1075234929 -0.1021335996 
10.11830 0.00050 -0.1076125004 -0.1022231446 
10.11863 0.00050 -0.1077034150 -0.1023146083 
10.11896 0.00050 -0.1077985833 -0.1024103513 
10.11929 0.00050 -0.1078936748 -0.1025060171 
10.11962 0.00050 -0.1079886569 -0.1026015728 
10.11995 0.00050 -0.1080836273 -0.1026971168 
10.12028 0.00050 -0.1081784882 -0.1027925506 
10.12061 0.00050 -0.1082733048 -0.1028879397 
10.12094 0.00050 -0.1083680443 -0.1029832514 
10.12127 0.00050 -0.1084627068 -0.1030784856 
10.12160 0.00050 -0.1085572921 -0.1031736421 
10.12192 0.00050 -0.1086518002 -0.1032687210 
10.12225 0.00050 -0.1087462311 -0.1033637222 
10.12258 0.00050 -0.1088406174 -0.1034586785 
10.12291 0.00050 -0.1089349263 -0.1035535570 
10.12323 0.00050 -0.1090291252 -0.1036483248 
10.12356 0.00050 -0.1091233120 -0.1037430803 
10.12389 0.00050 -0.1092174212 -0.1038377579 
10.12422 0.00050 -0.1093114203 -0.1039323247 
10.12454 0.00050 -0.1094053744 -0.1040268462 
10.12487 0.00050 -0.1094992509 -0.1041212896 
10.12519 0.00050 -0.1095930496 -0.1042156548 
10.12552 0.00050 -0.1096868033 -0.1043099748 
10.12584 0.00050 -0.1097804792 -0.1044042164 
10.12617 0.00050 -0.1098740446 -0.1044983468 
10.12649 0.00050 -0.1099675975 -0.1045924647 
10.12682 0.00050 -0.1100610396 -0.1046864711 
10.12717 0.00050 -0.1101621004 -0.1047881423 
10.12749 0.00050 -0.1102554209 -0.1048820264 
10.12782 0.00050 -0.1103486633 -0.1049758318 
10.12814 0.00050 -0.1104417947 -0.1050695257 
10.12846 0.00050 -0.1105349462 -0.1051632398 
10.12879 0.00050 -0.1106279539 -0.1052568092 
10.12911 0.00050 -0.1107209489 -0.1053503658 
10.12943 0.00050 -0.1108138326 -0.1054438104 
10.12976 0.00050 -0.1109066380 -0.1055371763 
10.13008 0.00050 -0.1109993976 -0.1056304961 
10.13040 0.00050 -0.1110920787 -0.1057237370 
10.13072 0.00050 -0.1111847141 -0.1058169318 
10.13104 0.00050 -0.1112772708 -0.1059100475 
10.13136 0.00050 -0.1113697489 -0.1060030841 
10.13168 0.00050 -0.1114621482 -0.1060960414 
10.13201 0.00050 -0.1115545016 -0.1061889525 
10.13233 0.00050 -0.1116468090 -0.1062818174 
10.13265 0.00050 -0.1117390047 -0.1063745699 
10.13297 0.00050 -0.1118311543 -0.1064672760 
10.13329 0.00050 -0.1119232249 -0.1065599027 
10.13361 0.00050 -0.1120152165 -0.1066524498 
10.13392 0.00050 -0.1121071619 -0.1067449505 
10.13424 0.00050 -0.1121990611 -0.1068374047 
10.13456 0.00050 -0.1122908482 -0.1069297461 
10.13488 0.00050 -0.1123825890 -0.1070220409 
10.13520 0.00050 -0.1124742504 -0.1071142560 
10.13552 0.00050 -0.1125658655 -0.1072064243 
10.13584 0.00050 -0.1126574012 -0.1072985128 
10.13615 0.00050 -0.1127488575 -0.1073905214 
10.13647 0.00050 -0.1128402672 -0.1074824832 
10.13679 0.00050 -0.1129315974 -0.1075743650 
10.13711 0.00050 -0.1130228480 -0.1076661667 
10.13742 0.00050 -0.1131140520 -0.1077579215 
10.13774 0.00050 -0.1132052093 -0.1078496292 
10.13805 0.00050 -0.1132962538 -0.1079412236 
10.13837 0.00050 -0.1133872846 -0.1080328041 
10.13869 0.00050 -0.1134782025 -0.1081242712 
10.13900 0.00050 -0.1135690736 -0.1082156911 
10.13932 0.00050 -0.1136598648 -0.1083070305 
10.13963 0.00050 -0.1137506090 -0.1083983228 
10.13997 0.00050 -0.1138487055 -0.1084970117 
10.14029 0.00050 -0.1139393242 -0.1085881777 
10.14060 0.00050 -0.1140298297 -0.1086792298 
10.14092 0.00050 -0.1141203212 -0.1087702678 
10.14123 0.00050 -0.1142107325 -0.1088612251 
10.14154 0.00050 -0.1143010635 -0.1089521016 
10.14186 0.00050 -0.1143913142 -0.1090428974 
10.14217 0.00050 -0.1144815507 -0.1091336788 
10.14248 0.00050 -0.1145717067 -0.1092243793 
10.14280 0.00050 -0.1146617493 -0.1093149657 
10.14311 0.00050 -0.1147517775 -0.1094055376 
10.14342 0.00050 -0.1148417583 -0.1094960618 
10.14373 0.00050 -0.1149316253 -0.1095864716 
10.14405 0.00050 -0.1150214449 -0.1096768336 
10.14436 0.00050 -0.1151112169 -0.1097671477 
10.14467 0.00050 -0.1152008750 -0.1098573473 
10.14498 0.00050 -0.1152905185 -0.1099475322 
10.14529 0.00050 -0.1153800813 -0.1100376359 
10.14560 0.00050 -0.1154695963 -0.1101276915 
10.14591 0.00050 -0.1155589973 -0.1102176324 
10.14622 0.00050 -0.1156484167 -0.1103075918 
10.14653 0.00050 -0.1157376888 -0.1103974031 
10.14684 0.00050 -0.1158269462 -0.1104871995 
10.14715 0.00050 -0.1159161224 -0.1105769143 
10.14746 0.00050 -0.1160052175 -0.1106665474 
10.14777 0.00050 -0.1160942978 -0.1107561657 
10.14808 0.00050 -0.1161832635 -0.1108456687 
10.14839 0.00050 -0.1162722145 -0.1109351569 
10.14870 0.00050 -0.1163610841 -0.1110245632 
10.14901 0.00050 -0.1164498722 -0.1111138876 
10.14932 0.00050 -0.1165386122 -0.1112031635 
10.14962 0.00050 -0.1166272707 -0.1112923574 
10.14993 0.00050 -0.1167158809 -0.1113815027 
10.15024 0.00050 -0.1168044094 -0.1114705659 
10.15055 0.00050 -0.1168929230 -0.1115596140 
10.15085 0.00050 -0.1169813547 -0.1116485798 
10.15116 0.00050 -0.1170697049 -0.1117374635 
10.15147 0.00050 -0.1171580065 -0.1118262984 
10.15177 0.00050 -0.1172462263 -0.1119150510 
