6.70000 0.00200 1.2551589017 2.5440744060
7.00000 0.00200 1.0982764120 1.3021155585
7.30103 0.00200 0.9499716567 1.0734007137 
7.47712 0.00200 0.8773305804 0.9668678355 
7.60206 0.00200 0.8254800087 0.8976258645 
7.69897 0.00200 0.7852177205 0.8442636813 
7.77815 0.00200 0.7518356315 0.8041831156 
7.84510 0.00200 0.7241126570 0.7710694765 
7.90309 0.00200 0.6994272145 0.7430246289 
7.95424 0.00200 0.6785280206 0.7189433981 
8.00000 0.00200 0.6587835638 0.6978537348 
8.04139 0.00200 0.6417733262 0.6787237233 
8.07918 0.00200 0.6259756082 0.6617204707 
8.11394 0.00200 0.6114784562 0.6460630731 
8.14613 0.00200 0.5983782429 0.6318478588 
8.17609 0.00200 0.5862432152 0.6186320507 
8.20412 0.00200 0.5741954636 0.6063383010 
8.23045 0.00200 0.5637643797 0.5948800995 
8.25527 0.00200 0.5532874220 0.5841946717 
8.27875 0.00200 0.5434403796 0.5741516933 
8.30103 0.00200 0.5349605453 0.5647048088 
8.32222 0.00200 0.5262045428 0.5557791337 
8.34242 0.00200 0.5178595033 0.5472723850 
8.36173 0.00200 0.5099894716 0.5392498490 
8.38021 0.00200 0.5024544257 0.5315687899 
8.39794 0.00200 0.4952318327 0.5242062384 
8.41497 0.00200 0.4883468774 0.5171878674 
8.43136 0.00200 0.4817218124 0.5104344228 
8.44716 0.00200 0.4753377393 0.5039266399 
8.46240 0.00200 0.4684793218 0.4976990634 
8.47712 0.00200 0.4626479233 0.4917516320 
8.49136 0.00200 0.4570077258 0.4859992061 
8.50515 0.00200 0.4515466317 0.4804294474 
8.51851 0.00200 0.4462535719 0.4750310664 
8.53148 0.00200 0.4412112979 0.4698884615 
8.54407 0.00200 0.4363227517 0.4649026432 
8.55630 0.00200 0.4315719412 0.4600573012 
8.56820 0.00200 0.4269513102 0.4553447291 
8.57978 0.00200 0.4217281461 0.4507578173 
8.59106 0.00200 0.4173642321 0.4463047984 
8.60206 0.00200 0.4132387702 0.4420951004 
8.61278 0.00200 0.4092151561 0.4379893298 
8.62325 0.00200 0.4052885406 0.4339825384 
8.63347 0.00200 0.4021697251 0.4300700411 
8.64345 0.00200 0.3969947486 0.4262474476 
8.65321 0.00200 0.3933347500 0.4225108097 
8.66276 0.00200 0.3897551567 0.4188562605 
8.67210 0.00200 0.3870369390 0.4153582650 
8.68124 0.00200 0.3823138034 0.4119802213 
8.69020 0.00200 0.3797795759 0.4086717938 
8.69897 0.00200 0.3751983608 0.4054302266 
8.70757 0.00200 0.3720893508 0.4022528692 
8.71600 0.00200 0.3697406492 0.3991372293 
8.72428 0.00200 0.3653517573 0.3960809017 
8.73239 0.00200 0.3631157499 0.3930819959 
8.74036 0.00200 0.3588450106 0.3901387800 
8.74819 0.00200 0.3560178042 0.3872464640 
8.75587 0.00200 0.3539267190 0.3843987270 
8.76343 0.00200 0.3497984564 0.3815909444 
8.77085 0.00200 0.3471021773 0.3788311584 
8.77815 0.00200 0.3451362046 0.3761142646 
8.78533 0.00200 0.3425277520 0.3734457401 
8.79239 0.00200 0.3385901487 0.3708205467 
8.79934 0.00200 0.3360677372 0.3682374010 
8.80618 0.00200 0.3335818560 0.3656916651 
8.81291 0.00200 0.3311376644 0.3631886225 
8.81954 0.00200 0.3294114743 0.3607237773 
8.82607 0.00200 0.3270395686 0.3582960050 
8.83251 0.00200 0.3246998003 0.3559011268 
8.83885 0.00200 0.3210429480 0.3535442609 
8.84510 0.00200 0.3187982767 0.3512443645 
8.85126 0.00200 0.3174101915 0.3491306214 
8.85733 0.00200 0.3140247130 0.3470437956 
8.86332 0.00200 0.3120196969 0.3449883970 
8.86923 0.00200 0.3107137401 0.3429609259 
8.87506 0.00200 0.3073859646 0.3409258816 
8.88081 0.00200 0.3054188040 0.3389082551 
8.88649 0.00200 0.3048174628 0.3369195839 
8.89209 0.00200 0.3022337783 0.3349565758 
8.89763 0.00200 0.2989854475 0.3329937934 
8.90309 0.00200 0.2970138151 0.3309705423 
8.90849 0.00200 0.2950691460 0.3289749604 
8.91381 0.00200 0.2931483389 0.3270038652 
8.91908 0.00200 0.2912508062 0.3250566538 
8.92428 0.00200 0.2907281983 0.3231618812 
8.92942 0.00200 0.2882760420 0.3213257095 
8.93450 0.00200 0.2851865186 0.3195109659 
8.93952 0.00200 0.2834394675 0.3177172550 
8.94448 0.00200 0.2817101179 0.3159417184 
8.94939 0.00200 0.2800128551 0.3141991255 
8.95424 0.00200 0.2796832659 0.3125124929 
8.95904 0.00200 0.2780569854 0.3108444915 
8.96379 0.00200 0.2744817080 0.3091926692 
8.96848 0.00200 0.2728930608 0.3075607546 
8.97313 0.00200 0.2713213947 0.3059462837 
8.97772 0.00200 0.2697479658 0.3043300018 
8.98227 0.00200 0.2694347265 0.3026694139 
8.98677 0.00200 0.2678352676 0.3010280801 
8.99123 0.00200 0.2662522512 0.2994036192 
8.99564 0.00200 0.2646852752 0.2977956186 
9.00000 0.00200 0.2631320915 0.2962017715 
9.00432 0.00200 0.2615966627 0.2946261441 
9.00860 0.00200 0.2581465564 0.2930771035 
9.01284 0.00200 0.2566540714 0.2915431818 
9.01703 0.00200 0.2551760074 0.2900240816 
9.02119 0.00200 0.2537120940 0.2885195249 
9.02531 0.00200 0.2522620545 0.2870292272 
9.02938 0.00200 0.2508256321 0.2855529247 
9.03342 0.00200 0.2494097396 0.2840977221 
9.03743 0.00200 0.2480332812 0.2826830484 
9.04139 0.00200 0.2466693787 0.2812812792 
9.04532 0.00200 0.2453178248 0.2798922014 
9.04922 0.00200 0.2452575363 0.2785155701 
9.05308 0.00200 0.2420119625 0.2771511898 
9.05690 0.00200 0.2406968145 0.2757988335 
9.06070 0.00200 0.2393931343 0.2744582693 
9.06446 0.00200 0.2380945984 0.2731229950 
9.06818 0.00200 0.2368011322 0.2717929338 
9.07188 0.00200 0.2355186555 0.2704741730 
9.07554 0.00200 0.2342470370 0.2691665777 
9.07918 0.00200 0.2329860336 0.2678698978 
9.08278 0.00200 0.2317355069 0.2665839909 
9.08636 0.00200 0.2323941730 0.2653086553 
9.08990 0.00200 0.2305298257 0.2640437419 
9.09342 0.00200 0.2286725284 0.2627847734 
9.09691 0.00200 0.2261684616 0.2615083657 
9.10037 0.00200 0.2249376972 0.2602421290 
9.10380 0.00200 0.2237166389 0.2589858781 
9.10721 0.00200 0.2225051592 0.2577394819 
9.11059 0.00200 0.2213031279 0.2565028063 
9.11394 0.00200 0.2201103564 0.2552756574 
9.11727 0.00200 0.2189267367 0.2540579241 
9.12057 0.00200 0.2177521305 0.2528494642 
9.12385 0.00200 0.2165630265 0.2516260885 
9.12710 0.00200 0.2153624210 0.2503908799 
9.13033 0.00200 0.2141707246 0.2491648371 
9.13353 0.00200 0.2142364240 0.2479478722 
9.13671 0.00200 0.2124373117 0.2467398076 
9.13987 0.00200 0.2112710223 0.2455405214 
9.14301 0.00200 0.2101131776 0.2443499187 
9.14613 0.00200 0.2089612387 0.2431653890 
9.14922 0.00200 0.2078198771 0.2419917358 
9.15229 0.00200 0.2066913849 0.2408313161 
9.15534 0.00200 0.2056026915 0.2397118212 
9.15836 0.00200 0.2045215901 0.2386001331 
9.16137 0.00200 0.2034479715 0.2374961394 
9.16435 0.00200 0.2023817538 0.2363997560 
9.16732 0.00200 0.2013227951 0.2353108371 
9.17026 0.00200 0.2002710101 0.2342292948 
9.17318 0.00200 0.1992263120 0.2331550399 
9.17609 0.00200 0.1981885829 0.2320879513 
9.17897 0.00200 0.1971577625 0.2310279667 
9.18184 0.00200 0.1961337594 0.2299749923 
9.18469 0.00200 0.1950841442 0.2288956812 
9.18752 0.00200 0.1940018185 0.2277827341 
9.19033 0.00200 0.1929264811 0.2266769731 
9.19312 0.00200 0.1918580728 0.2255783372 
9.19590 0.00200 0.1907965032 0.2244867335 
9.19865 0.00200 0.1903536571 0.2234020363 
9.20139 0.00200 0.1893049479 0.2223242112 
9.20412 0.00200 0.1882628001 0.2212531298 
9.20682 0.00200 0.1872271474 0.2201887238 
9.20951 0.00200 0.1861978920 0.2191308926 
9.21218 0.00200 0.1851749649 0.2180795655 
9.21484 0.00200 0.1844503912 0.2061723546 
9.21748 0.00200 0.1836259005 0.2047190301 
9.22010 0.00200 0.1828230125 0.2032891614 
9.22271 0.00200 0.1820271003 0.2018678401 
9.22530 0.00200 0.1806375864 0.2004550027 
9.22788 0.00200 0.1798561450 0.1990505510 
9.23044 0.00200 0.1790799031 0.1976528080 
9.23299 0.00200 0.1780611847 0.1966180428 
9.23552 0.00200 0.1771054272 0.1956472301 
9.23804 0.00200 0.1767528187 0.1946820135 
9.24054 0.00200 0.1758075761 0.1937223690 
9.24303 0.00200 0.1748677649 0.1927682387 
9.24551 0.00200 0.1739332616 0.1918194972 
9.24797 0.00200 0.1730040729 0.1908761512 
9.25041 0.00200 0.1720801389 0.1899381400 
9.25285 0.00200 0.1717561664 0.1890053688 
9.25527 0.00200 0.1708397464 0.1880754584 
9.25768 0.00200 0.1699476875 0.1871702677 
9.26007 0.00200 0.1691080541 0.1863182742 
9.26245 0.00200 0.1682472633 0.1854448119 
9.26482 0.00200 0.1673911422 0.1845760879 
9.26717 0.00200 0.1665396553 0.1837120665 
9.26951 0.00200 0.1656927670 0.1828527113 
9.27184 0.00200 0.1648504407 0.1819979853 
9.27416 0.00200 0.1640125723 0.1811477828 
9.27646 0.00200 0.1637696039 0.1803020995 
9.27875 0.00200 0.1629401838 0.1794608967 
9.28103 0.00200 0.1621151087 0.1786241006 
9.28330 0.00200 0.1612943392 0.1777916713 
9.28556 0.00200 0.1604839823 0.1769698025 
9.28780 0.00200 0.1596989354 0.1761736032 
9.29003 0.00200 0.1589179004 0.1753814728 
9.29225 0.00200 0.1581381020 0.1745905966 
9.29446 0.00200 0.1573586256 0.1738000470 
9.29666 0.00200 0.1565831088 0.1730135132 
9.29885 0.00200 0.1558114724 0.1722309150 
9.30103 0.00200 0.1550459416 0.1714545090 
9.30319 0.00200 0.1542849321 0.1706826886 
9.30535 0.00200 0.1535276419 0.1699146404 
9.30749 0.00200 0.1527740934 0.1691503869 
9.30963 0.00200 0.1520242392 0.1683898804 
9.31175 0.00200 0.1512780666 0.1676331076 
9.31386 0.00200 0.1511192594 0.1668800200 
9.31597 0.00200 0.1503822298 0.1661328993 
9.31806 0.00200 0.1496503862 0.1653910355 
9.32014 0.00200 0.1489220446 0.1646527217 
9.32222 0.00200 0.1481971899 0.1639179425 
9.32428 0.00200 0.1474772098 0.1631881047 
9.32633 0.00200 0.1467622717 0.1624633778 
9.32838 0.00200 0.1460506783 0.1617420415 
9.33041 0.00200 0.1453424483 0.1610241147 
9.33243 0.00200 0.1446374946 0.1603095090 
9.33445 0.00200 0.1439358352 0.1595982427 
9.33645 0.00200 0.1432374173 0.1588902623 
9.33845 0.00200 0.1425421878 0.1581855139 
9.34044 0.00200 0.1418500930 0.1574839432 
9.34242 0.00200 0.1411594769 0.1567838714 
9.34439 0.00200 0.1404761600 0.1560911987 
9.34635 0.00200 0.1398158194 0.1554218169 
9.34830 0.00200 0.1391584649 0.1547554621 
9.35025 0.00200 0.1385040402 0.1540920772 
9.35218 0.00200 0.1378525603 0.1534316775 
9.35411 0.00200 0.1372039323 0.1527741687 
9.35603 0.00200 0.1365582428 0.1521196386 
9.35793 0.00200 0.1359217405 0.1514744215 
9.35983 0.00200 0.1352879720 0.1508319757 
9.36173 0.00200 0.1346569871 0.1501923516 
9.36361 0.00200 0.1340287272 0.1495554897 
9.36549 0.00200 0.1334032055 0.1489214035 
9.36735 0.00200 0.1345036958 0.1482900699 
9.36921 0.00200 0.1315860944 0.1476613915 
9.37107 0.00200 0.1309688892 0.1470354183 
9.37291 0.00200 0.1303542547 0.1464120524 
9.37475 0.00200 0.1291690941 0.1457913802 
9.37657 0.00200 0.1285710505 0.1451845330 
9.37840 0.00200 0.1279729382 0.1445776160 
9.38021 0.00200 0.1273773584 0.1439732687 
9.38201 0.00200 0.1262122411 0.1433713915 
9.38381 0.00200 0.1256218408 0.1427719958 
9.38560 0.00200 0.1250338959 0.1421750929 
9.38739 0.00200 0.1244483811 0.1415806571 
9.38916 0.00200 0.1232944907 0.1409886620 
9.39093 0.00200 0.1227030598 0.1403879149 
9.39269 0.00200 0.1221095537 0.1397850599 
9.39445 0.00200 0.1215184410 0.1391846360 
9.39620 0.00200 0.1203601547 0.1385866544 
9.39794 0.00200 0.1197740487 0.1379910134 
9.39967 0.00200 0.1191903307 0.1373977993 
9.40140 0.00200 0.1231584398 0.1368069474 
9.40312 0.00200 0.1208717714 0.1362183930 
9.40483 0.00200 0.1202935178 0.1356322222 
9.40654 0.00200 0.1197174766 0.1350482940 
9.40824 0.00200 0.1208353625 0.1344556403 
9.40993 0.00200 0.1202526697 0.1338658666 
9.41162 0.00200 0.1196722327 0.1332783763 
9.41330 0.00200 0.1190940619 0.1326931796 
9.41497 0.00200 0.1185165826 0.1321086829 
9.41664 0.00200 0.1179428593 0.1315279878 
9.41830 0.00200 0.1173713191 0.1309495022 
9.41996 0.00200 0.1168019337 0.1303731977 
9.42160 0.00200 0.1162346749 0.1297990457 
9.42325 0.00200 0.1156837966 0.1292414731 
9.42488 0.00200 0.1151502376 0.1287014303 
9.42651 0.00200 0.1146186417 0.1281633746 
9.42813 0.00200 0.1140890552 0.1276273526 
9.42975 0.00200 0.1135614101 0.1270932956 
9.43136 0.00200 0.1130357142 0.1265612115 
9.43297 0.00200 0.1125120139 0.1260311472 
9.43457 0.00200 0.1119902023 0.1255029946 
9.43616 0.00200 0.1114703254 0.1249768003 
9.43775 0.00200 0.1114743965 0.1244115985 
9.43933 0.00200 0.1108975001 0.1238279872 
9.44091 0.00200 0.1103184401 0.1232421872 
9.44248 0.00200 0.1097414148 0.1226584454 
9.44404 0.00200 0.1091665104 0.1220768493 
9.44560 0.00200 0.1085936594 0.1214973305 
9.44716 0.00200 0.1085836111 0.1209198982 
9.44870 0.00200 0.1080145290 0.1203444833 
9.45025 0.00200 0.1074475287 0.1197711734 
9.45178 0.00200 0.1068825028 0.1191998599 
9.45332 0.00200 0.1063194990 0.1186305911 
9.45484 0.00200 0.1057595017 0.1180643622 
9.45636 0.00200 0.1052155711 0.1175143787 
9.45788 0.00200 0.1046735322 0.1169663080 
9.45939 0.00200 0.1041334323 0.1164201979 
9.46090 0.00200 0.1035952012 0.1158759773 
9.46240 0.00200 0.1030587681 0.1153335748 
9.46389 0.00200 0.1025242194 0.1147930777 
9.46538 0.00200 0.1019915234 0.1142544539 
9.46686 0.00200 0.1014606093 0.1137176317 
9.46834 0.00200 0.1009315237 0.1131826585 
9.46982 0.00200 0.1003994154 0.1126446289 
9.47129 0.00200 0.0998616237 0.1121008527 
9.47275 0.00200 0.0993256528 0.1115589176 
9.47421 0.00200 0.0987914311 0.1110187511 
9.47567 0.00200 0.0982590454 0.1104804409 
9.47712 0.00200 0.0977270721 0.1099425479 
9.47857 0.00200 0.0977532016 0.1094078109 
9.48001 0.00200 0.0972258220 0.1088748323 
9.48144 0.00200 0.0967097297 0.1083532607 
9.48287 0.00200 0.0962064448 0.1078446325 
9.48430 0.00200 0.0957048102 0.1073376722 
9.48572 0.00200 0.0952048327 0.1068323865 
9.48714 0.00200 0.0947070800 0.1063293493 
9.48855 0.00200 0.0942131665 0.1058301920 
9.48996 0.00200 0.0937208150 0.1053326134 
9.49136 0.00200 0.0932301121 0.1048367007 
9.49276 0.00200 0.0927409834 0.1043423791 
9.49415 0.00200 0.0922533947 0.1038496137 
9.49554 0.00200 0.0917673921 0.1033584514 
9.49693 0.00200 0.0912829414 0.1028688574 
9.49831 0.00200 0.0908000078 0.1023807966 
9.49969 0.00200 0.0903186377 0.1018943159 
9.50106 0.00200 0.0898387558 0.1014093392 
9.50243 0.00200 0.0893573223 0.1009227944 
9.50379 0.00200 0.0888771781 0.1004375526 
9.50515 0.00200 0.0883985723 0.0999538655 
9.50650 0.00200 0.0879214700 0.0994716979 
9.50785 0.00200 0.0874458359 0.0989910142 
9.50920 0.00200 0.0869716756 0.0985118198 
9.51054 0.00200 0.0864989536 0.0980340790 
9.51188 0.00200 0.0860277570 0.0975578798 
9.51322 0.00200 0.0855579277 0.0970830625 
9.51455 0.00200 0.0850895937 0.0966097563 
9.51587 0.00200 0.0846226784 0.0961378838 
9.51719 0.00200 0.0841571458 0.0956674087 
9.51851 0.00200 0.0836931243 0.0951984608 
9.51983 0.00200 0.0832304136 0.0947308377 
9.52114 0.00200 0.0827538445 0.0942492088 
9.52244 0.00200 0.0822474363 0.0937374243 
9.52374 0.00200 0.0822894257 0.0932271662 
9.52504 0.00200 0.0817857899 0.0927184407 
9.52634 0.00200 0.0812836775 0.0922112538 
9.52763 0.00200 0.0807830113 0.0917055279 
9.52891 0.00200 0.0802874948 0.0912050036 
9.53020 0.00200 0.0798256364 0.0907384776 
9.53148 0.00200 0.0793639892 0.0902721649 
9.53275 0.00200 0.0789048883 0.0898084244 
9.53403 0.00200 0.0790215905 0.0893758381 
9.53529 0.00200 0.0786078976 0.0889581754 
9.53656 0.00200 0.0781953957 0.0885417151 
9.53782 0.00200 0.0777840886 0.0881264611 
9.53908 0.00200 0.0773739801 0.0877124173 
9.54033 0.00200 0.0769650321 0.0872995450 
9.54158 0.00200 0.0765573322 0.0868879329 
9.54282 0.00200 0.0761507164 0.0864774152 
9.54407 0.00200 0.0757453141 0.0860681226 
9.54531 0.00200 0.0753410450 0.0856599742 
9.54654 0.00200 0.0749379548 0.0852530159 
9.54777 0.00200 0.0745360050 0.0848472091 
9.54900 0.00200 0.0741351569 0.0844425144 
9.55023 0.00200 0.0737354562 0.0840389783 
9.55145 0.00200 0.0733369065 0.0836366041 
9.55267 0.00200 0.0729394689 0.0832353527 
9.55388 0.00200 0.0725431046 0.0828351849 
9.55509 0.00200 0.0721478592 0.0824361468 
9.55630 0.00200 0.0717537362 0.0820382418 
9.55751 0.00200 0.0713575096 0.0816382129 
9.55871 0.00200 0.0709495191 0.0812263074 
9.55990 0.00200 0.0705426313 0.0808155152 
9.56110 0.00200 0.0701368924 0.0804058828 
9.56229 0.00200 0.0697322633 0.0799973709 
9.56348 0.00200 0.0687886824 0.0795899829 
9.56466 0.00200 0.0689263484 0.0791837225 
9.56585 0.00200 0.0685249841 0.0787785067 
9.56702 0.00200 0.0681247862 0.0783744685 
9.56820 0.00200 0.0677256298 0.0779714818 
9.56937 0.00200 0.0673341234 0.0775762185 
9.57054 0.00200 0.0669542378 0.0771926876 
9.57171 0.00200 0.0665754344 0.0768102492 
9.57287 0.00200 0.0661975872 0.0764287762 
9.57403 0.00200 0.0658207422 0.0760483150 
9.57519 0.00200 0.0654449022 0.0756688685 
9.57634 0.00200 0.0650701134 0.0752904832 
9.57749 0.00200 0.0646962924 0.0749130750 
9.57864 0.00200 0.0643234420 0.0745366468 
9.57978 0.00200 0.0639506141 0.0741602412 
9.58092 0.00200 0.0635797559 0.0737858242 
9.58206 0.00200 0.0632098768 0.0734123959 
9.58320 0.00200 0.0628524218 0.0730515107 
9.58433 0.00200 0.0625052966 0.0727010545 
9.58546 0.00200 0.0621590632 0.0723514986 
9.58659 0.00200 0.0618137239 0.0720028455 
9.58771 0.00200 0.0614692376 0.0716550536 
9.58883 0.00200 0.0611256502 0.0713081690 
9.58995 0.00200 0.0613187129 0.0709621944 
9.59106 0.00200 0.0609767576 0.0706171319 
9.59218 0.00200 0.0606356650 0.0702729401 
9.59329 0.00200 0.0602953938 0.0699295771 
9.59439 0.00200 0.0599560335 0.0695871332 
9.59550 0.00200 0.0596175427 0.0692455668 
9.59660 0.00200 0.0592751081 0.0689000208 
9.59769 0.00200 0.0589333648 0.0685551722 
9.59879 0.00200 0.0585925337 0.0682112443 
9.59988 0.00200 0.0582525297 0.0678681508 
9.60097 0.00200 0.0579133547 0.0675258940 
9.60206 0.00200 0.0575750990 0.0671845648 
9.60314 0.00200 0.0572376329 0.0668440324 
9.60422 0.00200 0.0569010025 0.0665043433 
9.60530 0.00200 0.0565652100 0.0661654996 
9.60638 0.00200 0.0562303016 0.0658275481 
9.60745 0.00200 0.0558981329 0.0654923612 
9.60852 0.00200 0.0555684012 0.0651596335 
9.60959 0.00200 0.0552394772 0.0648277209 
9.61066 0.00200 0.0549114074 0.0644966701 
9.61172 0.00200 0.0545841053 0.0641663939 
9.61278 0.00200 0.0542575727 0.0638368944 
9.61384 0.00200 0.0539318561 0.0635082182 
9.61490 0.00200 0.0536069574 0.0631803674 
9.61595 0.00200 0.0532828342 0.0628532991 
9.61700 0.00200 0.0529594886 0.0625270155 
9.61805 0.00200 0.0526369225 0.0622015185 
9.61909 0.00200 0.0523151378 0.0618768099 
9.62013 0.00200 0.0519941363 0.0615528917 
9.62117 0.00200 0.0516738756 0.0612297210 
9.62221 0.00200 0.0513543574 0.0609072996 
9.62325 0.00200 0.0510348696 0.0605849088 
9.62428 0.00200 0.0507168862 0.0602640361 
9.62531 0.00200 0.0503996954 0.0599439633 
9.62634 0.00200 0.0500832548 0.0596246473 
9.62737 0.00200 0.0497675211 0.0593060448 
9.62839 0.00200 0.0494525859 0.0589882479 
9.62941 0.00200 0.0491383164 0.0586711229 
9.63043 0.00200 0.0488248490 0.0583548072 
9.63144 0.00200 0.0485120957 0.0580392122 
9.63246 0.00200 0.0482001033 0.0577243849 
9.63347 0.00200 0.0478887386 0.0574101910 
9.63448 0.00200 0.0475781831 0.0570968138 
9.63548 0.00200 0.0472683488 0.0567841642 
9.63649 0.00200 0.0469560387 0.0564690164 
9.63749 0.00200 0.0466441331 0.0561542766 
9.63849 0.00200 0.0463329486 0.0558402646 
9.63949 0.00200 0.0460224871 0.0555269822 
9.64048 0.00200 0.0457127051 0.0552143854 
9.64147 0.00200 0.0459313645 0.0549025215 
9.64246 0.00200 0.0456293546 0.0545979212 
9.64345 0.00200 0.0453340634 0.0543000973 
9.64444 0.00200 0.0450394309 0.0540029376 
9.64542 0.00200 0.0447454585 0.0537064437 
9.64640 0.00200 0.0444526923 0.0534111665 
9.64738 0.00200 0.0441613622 0.0531173376 
9.64836 0.00200 0.0438706076 0.0528240891 
9.64933 0.00200 0.0435805662 0.0525315599 
9.65031 0.00200 0.0432911485 0.0522396598 
9.65128 0.00200 0.0430024015 0.0519484362 
9.65224 0.00200 0.0427142811 0.0516578446 
9.65321 0.00200 0.0424267887 0.0513678863 
9.65417 0.00200 0.0421399257 0.0510785628 
9.65514 0.00200 0.0418537391 0.0507899215 
9.65610 0.00200 0.0415681847 0.0505019179 
9.65705 0.00200 0.0412832639 0.0502145533 
9.65801 0.00200 0.0409988866 0.0499277368 
9.65896 0.00200 0.0407152371 0.0496416543 
9.65991 0.00200 0.0404321795 0.0493561689 
9.66086 0.00200 0.0401497151 0.0490712818 
9.66181 0.00200 0.0398678452 0.0487869942 
9.66276 0.00200 0.0395859284 0.0485026594 
9.66370 0.00200 0.0393053429 0.0482196672 
9.66464 0.00200 0.0390253098 0.0479372323 
9.66558 0.00200 0.0387459225 0.0476554486 
9.66652 0.00200 0.0384670902 0.0473742247 
9.66745 0.00200 0.0381889063 0.0470936547 
9.66839 0.00200 0.0379113260 0.0468136936 
9.66932 0.00200 0.0376343506 0.0465343425 
9.67025 0.00200 0.0373579353 0.0462555563 
9.67117 0.00200 0.0370821274 0.0459773828 
9.67210 0.00200 0.0368068820 0.0456997766 
9.67302 0.00200 0.0365322465 0.0454227855 
9.67394 0.00200 0.0362581760 0.0451463642 
9.67486 0.00200 0.0359846716 0.0448705139 
9.67578 0.00200 0.0357117346 0.0445952358 
9.67669 0.00200 0.0354394587 0.0443206246 
9.67761 0.00200 0.0351677063 0.0440465413 
9.67852 0.00200 0.0348964784 0.0437729871 
9.67943 0.00200 0.0346247081 0.0434988857 
9.68033 0.00200 0.0343379424 0.0432096603 
9.68124 0.00200 0.0340517295 0.0429209926 
9.68214 0.00200 0.0337661639 0.0426329776 
9.68305 0.00200 0.0340025873 0.0423455229 
9.68395 0.00200 0.0337180370 0.0420586768 
9.68484 0.00200 0.0334340917 0.0417724404 
9.68574 0.00200 0.0331506593 0.0414867211 
9.68663 0.00200 0.0328679277 0.0412017083 
9.68753 0.00200 0.0325856649 0.0409171679 
9.68842 0.00200 0.0323077069 0.0406369673 
9.68931 0.00200 0.0320479148 0.0403750790 
9.69019 0.00200 0.0317885747 0.0401136464 
9.69108 0.00200 0.0315298280 0.0398528120 
9.69196 0.00200 0.0312715822 0.0395924825 
9.69285 0.00200 0.0310138851 0.0393327062 
9.69373 0.00200 0.0307566910 0.0390734369 
9.69460 0.00200 0.0305000477 0.0388147229 
9.69548 0.00200 0.0302438624 0.0385564705 
9.69635 0.00200 0.0299882300 0.0382987755 
9.69723 0.00200 0.0297331046 0.0380415915 
9.69810 0.00200 0.0294784870 0.0377849196 
9.69897 0.00200 0.0292237660 0.0375281433 
9.69984 0.00200 0.0289701669 0.0372724981 
9.70070 0.00200 0.0287170787 0.0370173678 
9.70157 0.00200 0.0284645496 0.0367628011 
9.70243 0.00200 0.0282124389 0.0365086563 
9.70329 0.00200 0.0279608893 0.0362550771 
9.70415 0.00200 0.0277097600 0.0360019215 
9.70501 0.00200 0.0274591938 0.0357493335 
9.70586 0.00200 0.0272090969 0.0354972187 
9.70672 0.00200 0.0269598493 0.0352459600 
9.70757 0.00200 0.0267123999 0.0349965141 
9.70842 0.00200 0.0264653773 0.0347474984 
9.70927 0.00200 0.0262189245 0.0344990570 
9.71012 0.00200 0.0259728527 0.0342509998 
9.71096 0.00200 0.0257273527 0.0340035189 
9.71181 0.00200 0.0254822353 0.0337564238 
9.71265 0.00200 0.0252375965 0.0335098111 
9.71349 0.00200 0.0249934847 0.0332637296 
9.71433 0.00200 0.0247498532 0.0330181324 
9.71517 0.00200 0.0245066554 0.0327729723 
9.71600 0.00200 0.0242639397 0.0325282983 
9.71684 0.00200 0.0240216593 0.0322840630 
9.71767 0.00200 0.0237799105 0.0320403636 
9.71850 0.00200 0.0235385510 0.0317970567 
9.71933 0.00200 0.0232977247 0.0315542873 
9.72016 0.00200 0.0230572895 0.0313119121 
9.72098 0.00200 0.0228173415 0.0310700281 
9.72181 0.00200 0.0225778817 0.0308286362 
9.72263 0.00200 0.0223388632 0.0305876891 
9.72345 0.00200 0.0221002387 0.0303471393 
9.72427 0.00200 0.0218621529 0.0301071324 
9.72509 0.00200 0.0216244148 0.0298674762 
9.72591 0.00200 0.0213871691 0.0296283162 
9.72673 0.00200 0.0211504167 0.0293896535 
9.72754 0.00200 0.0209140623 0.0291513921 
9.72835 0.00200 0.0206781548 0.0289135811 
9.72916 0.00200 0.0204426949 0.0286762215 
9.72997 0.00200 0.0202076354 0.0284392654 
9.73078 0.00200 0.0199730733 0.0282028107 
9.73159 0.00200 0.0197389131 0.0279667611 
9.73239 0.00200 0.0195045773 0.0277305346 
9.73320 0.00200 0.0192713193 0.0274953945 
9.73400 0.00200 0.0190384654 0.0272606618 
9.73480 0.00200 0.0188060164 0.0270263373 
9.73560 0.00200 0.0185740214 0.0267924704 
9.73640 0.00200 0.0183424328 0.0265590132 
9.73719 0.00200 0.0181112996 0.0263260151 
9.73799 0.00200 0.0178805744 0.0260934283 
9.73878 0.00200 0.0176503063 0.0258613022 
9.73957 0.00200 0.0174203991 0.0256295400 
9.74036 0.00200 0.0171924521 0.0253997538 
9.74115 0.00200 0.0169653537 0.0251708231 
9.74194 0.00200 0.0167387175 0.0249423582 
9.74272 0.00200 0.0165123986 0.0247142132 
9.74351 0.00200 0.0162865918 0.0244865845 
9.74429 0.00200 0.0160611523 0.0242593260 
9.74507 0.00200 0.0158360807 0.0240324384 
9.74585 0.00200 0.0156114748 0.0238060203 
9.74663 0.00200 0.0153872383 0.0235799745 
9.74741 0.00200 0.0151634203 0.0233543505 
9.74819 0.00200 0.0149386094 0.0231277258 
9.74896 0.00200 0.0147129018 0.0229001970 
9.74974 0.00200 0.0144876119 0.0226730894 
9.75051 0.00200 0.0142627407 0.0224464038 
9.75128 0.00200 0.0140382400 0.0222200917 
9.75205 0.00200 0.0138141593 0.0219942029 
9.75282 0.00200 0.0135904993 0.0217687383 
9.75358 0.00200 0.0133671630 0.0215436000 
9.75435 0.00200 0.0136552125 0.0213189364 
9.75511 0.00200 0.0134325598 0.0210946003 
9.75587 0.00200 0.0132103797 0.0208707405 
9.75663 0.00200 0.0129884771 0.0206471601 
9.75739 0.00200 0.0127670484 0.0204240573 
9.75815 0.00200 0.0125459964 0.0202013340 
9.75891 0.00200 0.0123252726 0.0199789415 
9.75967 0.00200 0.0121049758 0.0197569791 
9.76042 0.00200 0.0118850576 0.0195353982 
9.76117 0.00200 0.0116655677 0.0193142489 
9.76193 0.00200 0.0114464086 0.0190934329 
9.76268 0.00200 0.0112276301 0.0188730002 
9.76343 0.00200 0.0110086911 0.0186524060 
9.76418 0.00200 0.0107906751 0.0184327417 
9.76492 0.00200 0.0105729923 0.0182134131 
9.76567 0.00200 0.0103557417 0.0179945200 
9.76641 0.00200 0.0101388256 0.0177759639 
9.76716 0.00200 0.0099223429 0.0175578445 
9.76790 0.00200 0.0097061959 0.0173400633 
9.76864 0.00200 0.0094903356 0.0171225710 
9.76938 0.00200 0.0092749602 0.0169055673 
9.77011 0.00200 0.0090599222 0.0166889034 
9.77085 0.00200 0.0088452220 0.0164725801 
9.77159 0.00200 0.0086309098 0.0162566476 
9.77232 0.00200 0.0084169368 0.0160410567 
9.77305 0.00200 0.0082033033 0.0158258081 
9.77379 0.00200 0.0079901091 0.0156110021 
9.77452 0.00200 0.0077770575 0.0153963397 
9.77525 0.00200 0.0075635531 0.0151812211 
9.77597 0.00200 0.0073504393 0.0149664961 
9.77670 0.00200 0.0071376175 0.0147520652 
9.77743 0.00200 0.0069251875 0.0145380291 
9.77815 0.00200 0.0067131498 0.0143243884 
9.77887 0.00200 0.0065014058 0.0141110435 
9.77960 0.00200 0.0062900553 0.0138980951 
9.78032 0.00200 0.0060789995 0.0136854435 
9.78104 0.00200 0.0058683384 0.0134731897 
9.78175 0.00200 0.0056580228 0.0132612841 
9.78247 0.00200 0.0054480035 0.0130496769 
9.78319 0.00200 0.0052384306 0.0128385195 
9.78390 0.00200 0.0050291051 0.0126276114 
9.78462 0.00200 0.0048201772 0.0124171039 
9.78533 0.00200 0.0046115976 0.0122069474 
9.78604 0.00200 0.0044033169 0.0119970920 
9.78675 0.00200 0.0041953856 0.0117875886 
9.78746 0.00200 0.0039878043 0.0115784379 
9.78817 0.00200 0.0037805233 0.0113695898 
9.78887 0.00200 0.0035736935 0.0111611963 
9.78958 0.00200 0.0033671152 0.0109530561 
9.79028 0.00200 0.0031608388 0.0107452202 
9.79099 0.00200 0.0029549652 0.0105377900 
9.79169 0.00200 0.0027493946 0.0103306652 
9.79239 0.00200 0.0025436757 0.0101233910 
9.79309 0.00200 0.0023387626 0.0099169287 
9.79379 0.00200 0.0021341540 0.0097107732 
9.79449 0.00200 0.0019299007 0.0095049756 
9.79518 0.00200 0.0017260032 0.0092995365 
9.79588 0.00200 0.0015224118 0.0090944058 
9.79657 0.00200 0.0013191772 0.0088896347 
9.79727 0.00200 0.0011161993 0.0086851222 
9.79796 0.00200 0.0009135793 0.0084809703 
9.79865 0.00200 0.0007113178 0.0082771795 
9.79934 0.00200 0.0005093143 0.0080736488 
9.80003 0.00200 0.0003077207 0.0078705311 
9.80072 0.00200 0.0001063357 0.0076676236 
9.80140 0.00200 -0.0000946888 0.0074650792 
9.80209 0.00200 -0.0002953523 0.0072628985 
9.80277 0.00200 -0.0004957555 0.0070609802 
9.80346 0.00200 -0.0006957967 0.0068594267 
9.80414 0.00200 -0.0008955765 0.0066581364 
9.80482 0.00200 -0.0010953983 0.0064568038 
9.80550 0.00200 -0.0012950090 0.0062556840 
9.80618 0.00200 -0.0014943067 0.0060548795 
9.80686 0.00200 -0.0016932910 0.0058543907 
9.80753 0.00200 -0.0018919616 0.0056542182 
9.80821 0.00200 -0.0020903177 0.0054543623 
9.80888 0.00200 -0.0022883591 0.0052548236 
9.80956 0.00200 -0.0024861360 0.0050555514 
9.81023 0.00200 -0.0026835464 0.0048566485 
9.81090 0.00200 -0.0028807422 0.0046579618 
9.81157 0.00200 -0.0030769603 0.0044602603 
9.81224 0.00200 -0.0032726571 0.0042630839 
9.81291 0.00200 -0.0034680356 0.0040662282 
9.81358 0.00200 -0.0036631462 0.0038696425 
9.81425 0.00200 -0.0038579375 0.0036733785 
9.81491 0.00200 -0.0040524091 0.0034774366 
9.81558 0.00200 -0.0042466626 0.0032817145 
9.81624 0.00200 -0.0044405444 0.0030863668 
9.81690 0.00200 -0.0046341562 0.0028912912 
9.81756 0.00200 -0.0048274975 0.0026964881 
9.81822 0.00200 -0.0050204658 0.0025020609 
9.81888 0.00200 -0.0052132139 0.0023078556 
9.81954 0.00200 -0.0054060993 0.0021135119 
9.82020 0.00200 -0.0055982525 0.0019199058 
9.82086 0.00200 -0.0057901333 0.0017265744 
9.82151 0.00200 -0.0059816898 0.0015335696 
9.82217 0.00200 -0.0061729729 0.0013408403 
9.82282 0.00200 -0.0063639310 0.0011484384 
9.82347 0.00200 -0.0065546148 0.0009563130 
9.82413 0.00200 -0.0067450240 0.0007644642 
9.82478 0.00200 -0.0069351581 0.0005728926 
9.82543 0.00200 -0.0071250167 0.0003815986 
9.82607 0.00200 -0.0073145482 0.0001906342 
9.82672 0.00200 -0.0075038289 -0.0000000777 
9.82737 0.00200 -0.0076928331 -0.0001905107 
9.82801 0.00200 -0.0078815601 -0.0003806646 
9.82866 0.00200 -0.0080699582 -0.0005704871 
9.82930 0.00200 -0.0082581298 -0.0007600814 
9.82995 0.00200 -0.0084459974 -0.0009493694 
9.83059 0.00200 -0.0086336120 -0.0011384025 
9.83123 0.00200 -0.0088209218 -0.0013271284 
9.83187 0.00200 -0.0090079779 -0.0015155987 
9.83251 0.00200 -0.0091947540 -0.0017037870 
9.83315 0.00200 -0.0093812241 -0.0018916669 
9.83378 0.00200 -0.0095674651 -0.0020793159 
9.83442 0.00200 -0.0097533993 -0.0022666558 
9.83506 0.00200 -0.0099390777 -0.0024537381 
9.83569 0.00200 -0.0101244743 -0.0026405364 
9.83632 0.00200 -0.0103095887 -0.0028270503 
9.83696 0.00200 -0.0104944721 -0.0030133315 
9.83759 0.00200 -0.0106790726 -0.0031993277 
9.83822 0.00200 -0.0108633896 -0.0033850382 
9.83885 0.00200 -0.0110474487 -0.0035704889 
9.83948 0.00200 -0.0112312496 -0.0037556794 
9.84010 0.00200 -0.0114147659 -0.0039405832 
9.84073 0.00200 -0.0115980491 -0.0041252521 
9.84136 0.00200 -0.0112829529 -0.0043096336 
9.84198 0.00200 -0.0114657572 -0.0044937273 
9.84261 0.00200 -0.0116483272 -0.0046775849 
9.84323 0.00200 -0.0118306367 -0.0048611802 
9.84385 0.00200 -0.0120126592 -0.0050444865 
9.84448 0.00200 -0.0121944463 -0.0052275558 
9.84510 0.00200 -0.0123764403 -0.0054108333 
9.84572 0.00200 -0.0125569228 -0.0055925887 
9.84634 0.00200 -0.0127368817 -0.0057738169 
9.84696 0.00200 -0.0129166030 -0.0059548057 
9.84757 0.00200 -0.0130960864 -0.0061355550 
9.84819 0.00200 -0.0132752794 -0.0063160119 
9.84880 0.00200 -0.0134542338 -0.0064962284 
9.84942 0.00200 -0.0136329493 -0.0066762043 
9.85003 0.00200 -0.0138113732 -0.0068558867 
9.85065 0.00200 -0.0139895575 -0.0070353277 
9.85126 0.00200 -0.0141675018 -0.0072145270 
9.85187 0.00200 -0.0143452059 -0.0073934844 
9.85248 0.00200 -0.0145226693 -0.0075721995 
9.85309 0.00200 -0.0146998656 -0.0077506455 
9.85370 0.00200 -0.0148767944 -0.0079288222 
9.85431 0.00200 -0.0150535077 -0.0081067819 
9.85491 0.00200 -0.0152299529 -0.0082844715 
9.85552 0.00200 -0.0154061558 -0.0084619171 
9.85612 0.00200 -0.0155821161 -0.0086391184 
9.85673 0.00200 -0.0157578334 -0.0088160750 
9.85733 0.00200 -0.0159333074 -0.0089927867 
9.85793 0.00200 -0.0161085378 -0.0091692530 
9.85854 0.00200 -0.0162834981 -0.0093454472 
9.85914 0.00200 -0.0164582665 -0.0095214483 
9.85974 0.00200 -0.0166327641 -0.0096971766 
9.86034 0.00200 -0.0168070169 -0.0098726583 
9.86094 0.00200 -0.0169810506 -0.0100479195 
9.86153 0.00200 -0.0171548126 -0.0102229070 
9.86213 0.00200 -0.0173283549 -0.0103976733 
9.86273 0.00200 -0.0175016774 -0.0105722182 
9.86332 0.00200 -0.0176747271 -0.0107464884 
9.86392 0.00200 -0.0178475563 -0.0109205365 
9.86451 0.00200 -0.0180201647 -0.0110943623 
9.86510 0.00200 -0.0181925256 -0.0112679389 
9.86569 0.00200 -0.0183646388 -0.0114412659 
9.86629 0.00200 -0.0185365039 -0.0116143432 
9.86688 0.00200 -0.0187081733 -0.0117872234 
9.86747 0.00200 -0.0188795941 -0.0119598532 
9.86805 0.00200 -0.0190507923 -0.0121322588 
9.86864 0.00200 -0.0192217411 -0.0123044133 
9.86923 0.00200 -0.0193928900 -0.0124767693 
9.86982 0.00200 -0.0195633923 -0.0126484742 
9.87040 0.00200 -0.0197336709 -0.0128199537 
9.87099 0.00200 -0.0199036988 -0.0129911808 
9.87157 0.00200 -0.0200735024 -0.0131621820 
9.87216 0.00200 -0.0202431078 -0.0133329836 
9.87274 0.00200 -0.0204124352 -0.0135035053 
9.87332 0.00200 -0.0205818557 -0.0136741207 
9.87390 0.00200 -0.0207515550 -0.0138450169 
9.87448 0.00200 -0.0209210291 -0.0140156863 
9.87506 0.00200 -0.0210903043 -0.0141861553 
9.87564 0.00200 -0.0212593271 -0.0143563702 
9.87622 0.00200 -0.0214281238 -0.0145263575 
9.87679 0.00200 -0.0215967473 -0.0146961702 
9.87737 0.00200 -0.0217650644 -0.0148656744 
9.87795 0.00200 -0.0219332343 -0.0150350304 
9.87852 0.00200 -0.0221011237 -0.0152041040 
9.87910 0.00200 -0.0222685726 -0.0153727338 
9.87967 0.00200 -0.0224346745 -0.0155400072 
9.88024 0.00200 -0.0226006005 -0.0157071035 
9.88081 0.00200 -0.0227662972 -0.0158739688 
9.88138 0.00200 -0.0229317641 -0.0160406027 
9.88195 0.00200 -0.0230970010 -0.0162070051 
9.88252 0.00200 -0.0232620344 -0.0163732024 
9.88309 0.00200 -0.0234268906 -0.0165392213 
9.88366 0.00200 -0.0235914893 -0.0167049809 
9.88423 0.00200 -0.0237558836 -0.0168705347 
9.88479 0.00200 -0.0239200733 -0.0170358823 
9.88536 0.00200 -0.0240840313 -0.0172009968 
9.88593 0.00200 -0.0242477842 -0.0173659045 
9.88649 0.00200 -0.0244113048 -0.0175305785 
9.88705 0.00200 -0.0245746466 -0.0176950723 
9.88762 0.00200 -0.0247377556 -0.0178593317 
9.88818 0.00200 -0.0249006584 -0.0180233834 
9.88874 0.00200 -0.0250633547 -0.0181872272 
9.88930 0.00200 -0.0252258442 -0.0183508627 
9.88986 0.00200 -0.0253881267 -0.0185142899 
9.89042 0.00200 -0.0255501752 -0.0186774813 
9.89098 0.00200 -0.0257120430 -0.0188404907 
9.89154 0.00200 -0.0258736762 -0.0190032639 
9.89209 0.00200 -0.0260355312 -0.0191662604 
9.89265 0.00200 -0.0261967482 -0.0193286144 
9.89321 0.00200 -0.0263577835 -0.0194907855 
9.89376 0.00200 -0.0265186100 -0.0196527463 
9.89432 0.00200 -0.0266792275 -0.0198144966 
9.89487 0.00200 -0.0268396626 -0.0199760633 
9.89542 0.00200 -0.0269998612 -0.0201373917 
9.89597 0.00200 -0.0271598770 -0.0202985361 
9.89653 0.00200 -0.0273196558 -0.0204594418 
9.89708 0.00200 -0.0274792512 -0.0206201628 
9.89763 0.00200 -0.0276386360 -0.0207806717 
9.89818 0.00200 -0.0277978369 -0.0209409955 
9.89872 0.00200 -0.0279568539 -0.0211011339 
9.89927 0.00200 -0.0281156055 -0.0212610052 
9.89982 0.00200 -0.0282742266 -0.0214207450 
9.90037 0.00200 -0.0284326089 -0.0215802444 
9.90091 0.00200 -0.0285908061 -0.0217395574 
9.90146 0.00200 -0.0287487911 -0.0218986566 
9.90200 0.00200 -0.0289065905 -0.0220575690 
9.90255 0.00200 -0.0290642043 -0.0222162944 
9.90309 0.00200 -0.0292215779 -0.0223747780 
9.90363 0.00200 -0.0293787925 -0.0225331013 
9.90417 0.00200 -0.0295357935 -0.0226912097 
9.90471 0.00200 -0.0296926350 -0.0228491573 
9.90526 0.00200 -0.0298492624 -0.0230068895 
9.90580 0.00200 -0.0300056486 -0.0231643786 
9.90633 0.00200 -0.0301619016 -0.0233217337 
9.90687 0.00200 -0.0303179400 -0.0234788725 
9.90741 0.00200 -0.0304737905 -0.0236358223 
9.90795 0.00200 -0.0306294258 -0.0237925553 
9.90848 0.00200 -0.0307848729 -0.0239490987 
9.90902 0.00200 -0.0309401587 -0.0241054797 
9.90955 0.00200 -0.0310952014 -0.0242616159 
9.91009 0.00200 -0.0312501095 -0.0244176166 
9.91062 0.00200 -0.0314048013 -0.0245733994 
9.91116 0.00200 -0.0315593309 -0.0247290189 
9.91169 0.00200 -0.0317136164 -0.0248843926 
9.91222 0.00200 -0.0318677394 -0.0250396025 
9.91275 0.00200 -0.0320216723 -0.0251946211 
9.91328 0.00200 -0.0321754149 -0.0253494480 
9.91381 0.00200 -0.0323293758 -0.0255044949 
9.91434 0.00200 -0.0324827374 -0.0256589381 
9.91487 0.00200 -0.0326359352 -0.0258132164 
9.91540 0.00200 -0.0327889419 -0.0259673022 
9.91593 0.00200 -0.0329417572 -0.0261211953 
9.91645 0.00200 -0.0330944082 -0.0262749229 
9.91698 0.00200 -0.0332468401 -0.0264284299 
9.91751 0.00200 -0.0333990799 -0.0265817435 
9.91803 0.00200 -0.0335511548 -0.0267348909 
9.91855 0.00200 -0.0337030646 -0.0268878721 
9.91908 0.00200 -0.0338547544 -0.0270406317 
9.91960 0.00200 -0.0340063059 -0.0271932522 
9.92012 0.00200 -0.0341575002 -0.0273455128 
9.92064 0.00200 -0.0343080628 -0.0274971373 
9.92117 0.00200 -0.0344584588 -0.0276485941 
9.92169 0.00200 -0.0346086881 -0.0277998829 
9.92221 0.00200 -0.0347587230 -0.0279509760 
9.92272 0.00200 -0.0349085634 -0.0281018732 
9.92324 0.00200 -0.0350582364 -0.0282526018 
9.92376 0.00200 -0.0352077143 -0.0284031339 
9.92428 0.00200 -0.0353570244 -0.0285534971 
9.92480 0.00200 -0.0355061941 -0.0287037189 
9.92531 0.00200 -0.0356551406 -0.0288537159 
9.92583 0.00200 -0.0358039188 -0.0290035434 
9.92634 0.00200 -0.0359525284 -0.0291532011 
9.92686 0.00200 -0.0361009692 -0.0293026889 
9.92737 0.00200 -0.0362492411 -0.0294520065 
9.92788 0.00200 -0.0363973163 -0.0296011261 
9.92839 0.00200 -0.0365452222 -0.0297500752 
9.92891 0.00200 -0.0366929585 -0.0298988534 
9.92942 0.00200 -0.0368405251 -0.0300474608 
9.92993 0.00200 -0.0369878942 -0.0301958692 
9.93044 0.00200 -0.0371351207 -0.0303441342 
9.93095 0.00200 -0.0372821493 -0.0304921997 
9.93146 0.00200 -0.0374290074 -0.0306400936 
9.93196 0.00200 -0.0375757224 -0.0307878434 
9.93247 0.00200 -0.0377222664 -0.0309354210 
9.93298 0.00200 -0.0378685842 -0.0310827707 
9.93349 0.00200 -0.0380147583 -0.0312299758 
9.93399 0.00200 -0.0381608162 -0.0313770638 
9.93450 0.00200 -0.0383070065 -0.0315242851 
9.93500 0.00200 -0.0384527763 -0.0316710830 
9.93551 0.00200 -0.0385983188 -0.0318176520 
9.93601 0.00200 -0.0387437444 -0.0319641033 
9.93651 0.00200 -0.0388889977 -0.0321103811 
9.93702 0.00200 -0.0390340507 -0.0322564571 
9.93752 0.00200 -0.0391789587 -0.0324023871 
9.93802 0.00200 -0.0393236938 -0.0325481430 
9.93852 0.00200 -0.0394682557 -0.0326937245 
9.93902 0.00200 -0.0396126720 -0.0328391594 
9.93952 0.00200 -0.0397569149 -0.0329844195 
9.94002 0.00200 -0.0399010117 -0.0331295327 
9.94052 0.00200 -0.0400449071 -0.0332744429 
9.94102 0.00200 -0.0401886283 -0.0334191779 
9.94151 0.00200 -0.0403322031 -0.0335637652 
9.94201 0.00200 -0.0399922436 -0.0337082050 
9.94251 0.00200 -0.0401355415 -0.0338524409 
9.94300 0.00200 -0.0402787202 -0.0339965567 
9.94350 0.00200 -0.0404217238 -0.0341404964 
9.94399 0.00200 -0.0405645522 -0.0342842597 
9.94449 0.00200 -0.0407072330 -0.0344278745 
9.94498 0.00200 -0.0408497382 -0.0345713125 
9.94547 0.00200 -0.0409921233 -0.0347146297 
9.94597 0.00200 -0.0411346112 -0.0348580502 
9.94646 0.00200 -0.0412769789 -0.0350013499 
9.94695 0.00200 -0.0414191705 -0.0351444722 
9.94744 0.00200 -0.0415612137 -0.0352874452 
9.94793 0.00200 -0.0417030805 -0.0354302406 
9.94842 0.00200 -0.0418447985 -0.0355728863 
9.94891 0.00200 -0.0419863398 -0.0357153541 
9.94940 0.00200 -0.0421277040 -0.0358576436 
9.94988 0.00200 -0.0422689469 -0.0359998111 
9.95037 0.00200 -0.0424100404 -0.0361418282 
9.95086 0.00200 -0.0425507327 -0.0362834415 
9.95134 0.00200 -0.0426912192 -0.0364248476 
9.95183 0.00200 -0.0428315557 -0.0365661026 
9.95232 0.00200 -0.0429717419 -0.0367072064 
9.95280 0.00200 -0.0431118056 -0.0368481870 
9.95328 0.00200 -0.0432516909 -0.0369889879 
9.95377 0.00200 -0.0433913974 -0.0371296090 
9.95429 0.00200 -0.0435424142 -0.0372816143 
9.95477 0.00200 -0.0436818224 -0.0374219350 
9.95526 0.00200 -0.0438210514 -0.0375620754 
9.95574 0.00200 -0.0439601570 -0.0377020915 
9.95622 0.00200 -0.0440990829 -0.0378419269 
9.95670 0.00200 -0.0442378853 -0.0379816378 
9.95718 0.00200 -0.0443765077 -0.0381211676 
9.95766 0.00200 -0.0445150061 -0.0382605726 
9.95814 0.00200 -0.0446533242 -0.0383997961 
9.95861 0.00200 -0.0447914900 -0.0385388663 
9.95909 0.00200 -0.0449295032 -0.0386777829 
9.95957 0.00200 -0.0450673637 -0.0388165458 
9.96005 0.00200 -0.0452050995 -0.0389551832 
9.96052 0.00200 -0.0453426542 -0.0390936383 
9.96100 0.00200 -0.0454800838 -0.0392319675 
9.96147 0.00200 -0.0456173319 -0.0393701141 
9.96195 0.00200 -0.0457544829 -0.0395081628 
9.96242 0.00200 -0.0458914240 -0.0396460003 
9.96289 0.00200 -0.0460282394 -0.0397837112 
9.96337 0.00200 -0.0461649008 -0.0399212672 
9.96384 0.00200 -0.0463014081 -0.0400586681 
9.96431 0.00200 -0.0464377893 -0.0401959420 
9.96478 0.00200 -0.0465740162 -0.0403330606 
9.96525 0.00200 -0.0467100884 -0.0404700236 
9.96572 0.00200 -0.0468460341 -0.0406068591 
9.96619 0.00200 -0.0469817967 -0.0407435104 
9.96666 0.00200 -0.0471174325 -0.0408800341 
9.96713 0.00200 -0.0472529132 -0.0410164015 
9.96760 0.00200 -0.0473882667 -0.0411526411 
9.96807 0.00200 -0.0475234647 -0.0412887240 
9.96854 0.00200 -0.0476585070 -0.0414246503 
9.96900 0.00200 -0.0477934219 -0.0415604483 
9.96947 0.00200 -0.0479281807 -0.0416960892 
9.96994 0.00200 -0.0480627834 -0.0418315731 
9.97040 0.00200 -0.0481972582 -0.0419669281 
9.97087 0.00200 -0.0483315765 -0.0421021256 
9.97133 0.00200 -0.0484657667 -0.0422371941 
9.97179 0.00200 -0.0485998284 -0.0423721334 
9.97226 0.00200 -0.0487337333 -0.0425069148 
9.97272 0.00200 -0.0488674811 -0.0426415381 
9.97322 0.00200 -0.0490120548 -0.0427870582 
9.97368 0.00200 -0.0491454915 -0.0429213684 
9.97414 0.00200 -0.0492788560 -0.0430556058 
9.97460 0.00200 -0.0494120343 -0.0431896559 
9.97506 0.00200 -0.0495450549 -0.0433235472 
9.97552 0.00200 -0.0496779176 -0.0434572796 
9.97598 0.00200 -0.0498106790 -0.0435909100 
9.97644 0.00200 -0.0499433106 -0.0437244098 
9.97690 0.00200 -0.0500757838 -0.0438577502 
9.97736 0.00200 -0.0502080986 -0.0439909310 
9.97782 0.00200 -0.0503403115 -0.0441240094 
9.97827 0.00200 -0.0504723657 -0.0442569280 
9.97873 0.00200 -0.0506042609 -0.0443896865 
9.97919 0.00200 -0.0507360254 -0.0445223136 
9.97964 0.00200 -0.0508676877 -0.0446548377 
9.98010 0.00200 -0.0509991906 -0.0447872014 
9.98055 0.00200 -0.0511305625 -0.0449194333 
9.98101 0.00200 -0.0512617747 -0.0450515043 
9.98146 0.00200 -0.0513928556 -0.0451834432 
9.98191 0.00200 -0.0515238050 -0.0453152498 
9.98237 0.00200 -0.0516546229 -0.0454469240 
9.98282 0.00200 -0.0517853090 -0.0455784656 
9.98327 0.00200 -0.0519158633 -0.0457098745 
9.98372 0.00200 -0.0520462570 -0.0458411218 
9.98417 0.00200 -0.0521765473 -0.0459722649 
9.98462 0.00200 -0.0523066767 -0.0461032461 
9.98507 0.00200 -0.0524367024 -0.0462341229 
9.98552 0.00200 -0.0525665382 -0.0463648086 
9.98597 0.00200 -0.0526962701 -0.0464953897 
9.98642 0.00200 -0.0528258692 -0.0466258371 
9.98687 0.00200 -0.0529553354 -0.0467561508 
9.98731 0.00200 -0.0530846686 -0.0468863305 
9.98776 0.00200 -0.0532138685 -0.0470163762 
9.98821 0.00200 -0.0533429353 -0.0471462878 
9.98865 0.00200 -0.0534718685 -0.0472760650 
9.98910 0.00200 -0.0536006682 -0.0474057078 
9.98955 0.00200 -0.0537293628 -0.0475352449 
9.98999 0.00200 -0.0538578950 -0.0476646184 
9.99044 0.00200 -0.0539862932 -0.0477938571 
9.99088 0.00200 -0.0541145574 -0.0479229608 
9.99136 0.00200 -0.0542532300 -0.0480625412 
9.99180 0.00200 -0.0543812287 -0.0481913778 
9.99224 0.00200 -0.0545090642 -0.0483200500 
9.99269 0.00200 -0.0546368225 -0.0484486447 
9.99313 0.00200 -0.0547644174 -0.0485770747 
9.99357 0.00200 -0.0548919349 -0.0487054269 
9.99401 0.00200 -0.0550192599 -0.0488335853 
9.99445 0.00200 -0.0551464786 -0.0489616368 
9.99489 0.00200 -0.0552735907 -0.0490895810 
9.99533 0.00200 -0.0554005388 -0.0492173600 
9.99577 0.00200 -0.0555273801 -0.0493450316 
9.99621 0.00200 -0.0556541146 -0.0494725957 
9.99665 0.00200 -0.0557806845 -0.0495999941 
9.99708 0.00200 -0.0559071474 -0.0497272848 
9.99752 0.00200 -0.0560334743 -0.0498544386 
9.99796 0.00200 -0.0561596651 -0.0499814555 
9.99839 0.00200 -0.0562857485 -0.0501083642 
9.99883 0.00200 -0.0564116666 -0.0502351065 
9.99926 0.00200 -0.0565374482 -0.0503617114 
9.99970 0.00200 -0.0566630931 -0.0504881788 
10.00013 0.00200 -0.0567886013 -0.0506145086 
10.00057 0.00200 -0.0569140015 -0.0507407296 
10.00100 0.00200 -0.0570392357 -0.0508667836 
10.00144 0.00200 -0.0571643617 -0.0509927286 
10.00187 0.00200 -0.0572893504 -0.0511185355 
10.00230 0.00200 -0.0574142596 -0.0512442623 
10.00273 0.00200 -0.0575390023 -0.0513698215 
10.00316 0.00200 -0.0576636363 -0.0514952714 
10.00360 0.00200 -0.0577881615 -0.0516206117 
10.00403 0.00200 -0.0579125489 -0.0517458133 
10.00446 0.00200 -0.0580367982 -0.0518708759 
10.00489 0.00200 -0.0581609383 -0.0519958287 
10.00532 0.00200 -0.0582849402 -0.0521206422 
10.00574 0.00200 -0.0584088618 -0.0522453749 
10.00617 0.00200 -0.0585326158 -0.0523699390 
10.00660 0.00200 -0.0586562602 -0.0524943928 
10.00703 0.00200 -0.0587797949 -0.0526187362 
10.00746 0.00200 -0.0589032198 -0.0527429690 
10.00788 0.00200 -0.0590265058 -0.0528670620 
10.00831 0.00200 -0.0591496526 -0.0529910149 
10.00877 0.00200 -0.0592828035 -0.0531250374 
10.00920 0.00200 -0.0594057037 -0.0532487421 
10.00962 0.00200 -0.0595284936 -0.0533723357 
10.01005 0.00200 -0.0596511729 -0.0534958181 
10.01047 0.00200 -0.0597737126 -0.0536191599 
10.01089 0.00200 -0.0598961416 -0.0537423902 
10.01132 0.00200 -0.0600184889 -0.0538655384 
10.01174 0.00200 -0.0601406669 -0.0539885162 
10.01216 0.00200 -0.0602627340 -0.0541113823 
10.01259 0.00200 -0.0603846899 -0.0542341365 
10.01301 0.00200 -0.0605065346 -0.0543567788 
10.01343 0.00200 -0.0606282679 -0.0544793089 
10.01385 0.00200 -0.0607498897 -0.0546017268 
10.01427 0.00200 -0.0608713416 -0.0547239738 
10.01469 0.00200 -0.0609927111 -0.0548461377 
10.01511 0.00200 -0.0611139687 -0.0549681890 
10.01553 0.00200 -0.0612351144 -0.0550901278 
10.01595 0.00200 -0.0613561189 -0.0552119243 
10.01637 0.00200 -0.0614770114 -0.0553336081 
10.01679 0.00200 -0.0615977916 -0.0554551789 
10.01720 0.00200 -0.0617184594 -0.0555766366 
10.01762 0.00200 -0.0618390149 -0.0556979812 
10.01804 0.00200 -0.0619594578 -0.0558192125 
10.01846 0.00200 -0.0620797880 -0.0559403305 
10.01887 0.00200 -0.0621999763 -0.0560613055 
10.01929 0.00200 -0.0623200518 -0.0561821669 
10.01970 0.00200 -0.0624400142 -0.0563029146 
10.02012 0.00200 -0.0625598929 -0.0564235780 
10.02053 0.00200 -0.0626785745 -0.0565430365 
10.02095 0.00200 -0.0627938313 -0.0566590477 
10.02136 0.00200 -0.0629090016 -0.0567749719 
10.02177 0.00200 -0.0630240267 -0.0568907499 
10.02219 0.00200 -0.0631389359 -0.0570064113 
10.02260 0.00200 -0.0632537290 -0.0571219558 
10.02301 0.00200 -0.0633684646 -0.0572374425 
10.02342 0.00200 -0.0634830547 -0.0573527827 
10.02384 0.00200 -0.0635975285 -0.0574680057 
10.02425 0.00200 -0.0637119151 -0.0575831412 
10.02466 0.00200 -0.0638261853 -0.0576981593 
10.02507 0.00200 -0.0639434530 -0.0578161946 
10.02551 0.00200 -0.0640704213 -0.0579439940 
10.02592 0.00200 -0.0641876672 -0.0580620075 
10.02633 0.00200 -0.0643048568 -0.0581799642 
10.02674 0.00200 -0.0644218724 -0.0582977457 
10.02715 0.00200 -0.0645388021 -0.0584154408 
10.02755 0.00200 -0.0646556163 -0.0585330196 
10.02796 0.00200 -0.0647723149 -0.0586504821 
10.02837 0.00200 -0.0648889273 -0.0587678579 
10.02878 0.00200 -0.0650054240 -0.0588851172 
10.02918 0.00200 -0.0651218049 -0.0590022598 
10.02959 0.00200 -0.0652380698 -0.0591192858 
10.02999 0.00200 -0.0653542482 -0.0592362246 
10.03040 0.00200 -0.0654702810 -0.0593530169 
10.03080 0.00200 -0.0655862269 -0.0594697219 
10.03121 0.00200 -0.0657020566 -0.0595863097 
10.03161 0.00200 -0.0658177993 -0.0597028101 
10.03202 0.00200 -0.0659333960 -0.0598191635 
10.03242 0.00200 -0.0660489351 -0.0599354589 
10.03282 0.00200 -0.0661643575 -0.0600516368 
10.03323 0.00200 -0.0662796335 -0.0601676674 
10.03363 0.00200 -0.0663948518 -0.0602836398 
10.03403 0.00200 -0.0665099234 -0.0603994647 
10.03443 0.00200 -0.0666249075 -0.0605152015 
10.03483 0.00200 -0.0667397744 -0.0606308203 
10.03523 0.00200 -0.0668545240 -0.0607463210 
10.03563 0.00200 -0.0669692154 -0.0608617631 
10.03603 0.00200 -0.0670837597 -0.0609770572 
10.03643 0.00200 -0.0671982160 -0.0610922627 
10.03683 0.00200 -0.0673125546 -0.0612073498 
10.03723 0.00200 -0.0674268051 -0.0613223481 
10.03763 0.00200 -0.0675409376 -0.0614372278 
10.03803 0.00200 -0.0676549523 -0.0615519887 
10.03843 0.00200 -0.0677688784 -0.0616666606 
10.03882 0.00200 -0.0678827457 -0.0617812733 
10.03922 0.00200 -0.0679964652 -0.0618957372 
10.03962 0.00200 -0.0681100366 -0.0620100520 
10.04002 0.00200 -0.0682235786 -0.0621243372 
10.04041 0.00200 -0.0683369428 -0.0622384434 
10.04081 0.00200 -0.0684503070 -0.0623525497 
10.04120 0.00200 -0.0685634634 -0.0624664468 
10.04163 0.00200 -0.0686858578 -0.0625896424 
10.04202 0.00200 -0.0687988384 -0.0627033625 
10.04242 0.00200 -0.0689117297 -0.0628169928 
10.04281 0.00200 -0.0690245316 -0.0629305330 
10.04321 0.00200 -0.0691371845 -0.0630439234 
10.04360 0.00200 -0.0692497777 -0.0631572536 
10.04399 0.00200 -0.0693622515 -0.0632704636 
10.04438 0.00200 -0.0694746059 -0.0633835534 
10.04478 0.00200 -0.0695869002 -0.0634965828 
10.04517 0.00200 -0.0696990451 -0.0636094618 
10.04556 0.00200 -0.0698111298 -0.0637222802 
10.04595 0.00200 -0.0699231244 -0.0638350079 
10.04634 0.00200 -0.0700349694 -0.0639475850 
10.04673 0.00200 -0.0701467837 -0.0640601313 
10.04712 0.00200 -0.0702584184 -0.0641724967 
10.04751 0.00200 -0.0703699925 -0.0642848011 
10.04790 0.00200 -0.0704814761 -0.0643970144 
10.04829 0.00200 -0.0705928394 -0.0645091067 
10.04868 0.00200 -0.0707040821 -0.0646210776 
10.04907 0.00200 -0.0708152939 -0.0647330174 
10.04945 0.00200 -0.0709263253 -0.0648447756 
10.04984 0.00200 -0.0710372957 -0.0649564724 
10.05023 0.00200 -0.0711481752 -0.0650680777 
10.05062 0.00200 -0.0712589338 -0.0651795612 
10.05100 0.00200 -0.0713696311 -0.0652909831 
10.05139 0.00200 -0.0714804166 -0.0654024938 
10.05177 0.00200 -0.0715961350 -0.0655189698 
10.05216 0.00200 -0.0717117948 -0.0656353866 
10.05254 0.00200 -0.0718273359 -0.0657516841 
10.05293 0.00200 -0.0719427584 -0.0658678620 
10.05331 0.00200 -0.0720580620 -0.0659839204 
10.05370 0.00200 -0.0721733067 -0.0660999194 
10.05408 0.00200 -0.0722884323 -0.0662157987 
10.05447 0.00200 -0.0724034389 -0.0663315581 
10.05485 0.00200 -0.0725183862 -0.0664472578 
10.05523 0.00200 -0.0726331843 -0.0665628074 
10.05561 0.00200 -0.0727448045 -0.0666751582 
10.05600 0.00200 -0.0728553439 -0.0667864212 
10.05638 0.00200 -0.0729658216 -0.0668976220 
10.05676 0.00200 -0.0730761775 -0.0670087004 
10.05717 0.00200 -0.0727288075 -0.0671287802 
10.05755 0.00200 -0.0728390376 -0.0672396759 
10.05793 0.00200 -0.0729491755 -0.0673504790 
10.05831 0.00200 -0.0730591913 -0.0674611592 
10.05869 0.00200 -0.0731691149 -0.0675717467 
10.05907 0.00200 -0.0732789462 -0.0676822413 
10.05945 0.00200 -0.0733886851 -0.0677926430 
10.05983 0.00200 -0.0734983016 -0.0679029214 
10.06021 0.00200 -0.0736078856 -0.0680131673 
10.06059 0.00200 -0.0737173470 -0.0681232898 
10.06096 0.00200 -0.0738266857 -0.0682332887 
10.06134 0.00200 -0.0739359617 -0.0683432247 
10.06172 0.00200 -0.0740451147 -0.0684530369 
10.06210 0.00200 -0.0741541748 -0.0685627556 
10.06247 0.00200 -0.0742631721 -0.0686724112 
10.06285 0.00200 -0.0743720461 -0.0687819427 
10.06322 0.00200 -0.0744808271 -0.0688913806 
10.06360 0.00200 -0.0745895449 -0.0690007550 
10.06397 0.00200 -0.0746981393 -0.0691100052 
10.06435 0.00200 -0.0748066101 -0.0692191311 
10.06472 0.00200 -0.0749150478 -0.0693282237 
10.06510 0.00200 -0.0750233618 -0.0694371919 
10.06547 0.00200 -0.0751315822 -0.0695460659 
10.06584 0.00200 -0.0752397391 -0.0696548759 
10.06622 0.00200 -0.0753477721 -0.0697635614 
10.06659 0.00200 -0.0754557112 -0.0698721523 
10.06696 0.00200 -0.0755635866 -0.0699806792 
10.06734 0.00200 -0.0756713378 -0.0700890811 
10.06771 0.00200 -0.0757789949 -0.0701973884 
10.06808 0.00200 -0.0758865881 -0.0703056314 
10.06845 0.00200 -0.0759940568 -0.0704137492 
10.06882 0.00200 -0.0761014615 -0.0705218025 
10.06919 0.00200 -0.0762087416 -0.0706297305 
10.06956 0.00200 -0.0763159574 -0.0707375938 
10.06993 0.00200 -0.0764231091 -0.0708453926 
10.07030 0.00200 -0.0765301056 -0.0709530352 
10.07067 0.00200 -0.0766370679 -0.0710606436 
10.07104 0.00200 -0.0767439052 -0.0711681261 
10.07141 0.00200 -0.0768506780 -0.0712755437 
10.07178 0.00200 -0.0769573256 -0.0713828354 
10.07218 0.00200 -0.0770726754 -0.0714988818 
10.07254 0.00200 -0.0771791351 -0.0716059844 
10.07291 0.00200 -0.0772855300 -0.0717130219 
10.07328 0.00200 -0.0773918297 -0.0718199636 
10.07365 0.00200 -0.0774980342 -0.0719268094 
10.07401 0.00200 -0.0776041433 -0.0720335593 
10.07438 0.00200 -0.0777101569 -0.0721402132 
10.07474 0.00200 -0.0778161054 -0.0722468016 
10.07511 0.00200 -0.0779219584 -0.0723532938 
10.07548 0.00200 -0.0780277157 -0.0724596899 
10.07584 0.00200 -0.0781333773 -0.0725659896 
10.07621 0.00200 -0.0782389431 -0.0726721929 
10.07657 0.00200 -0.0783444738 -0.0727783610 
10.07693 0.00200 -0.0784498783 -0.0728844019 
10.07730 0.00200 -0.0785551867 -0.0729903463 
10.07766 0.00200 -0.0786604294 -0.0730962247 
10.07802 0.00200 -0.0787655455 -0.0732019756 
10.07839 0.00200 -0.0788706263 -0.0733076910 
10.07875 0.00200 -0.0789755804 -0.0734132789 
10.07911 0.00200 -0.0790804381 -0.0735187698 
10.07947 0.00200 -0.0791852602 -0.0736242251 
10.07984 0.00200 -0.0792899554 -0.0737295525 
10.08020 0.00200 -0.0793945540 -0.0738347828 
10.08056 0.00200 -0.0794991169 -0.0739399772 
10.08092 0.00200 -0.0796035526 -0.0740450436 
10.08128 0.00200 -0.0797078915 -0.0741500126 
10.08164 0.00200 -0.0798121639 -0.0742549148 
10.08200 0.00200 -0.0799163700 -0.0743597502 
10.08236 0.00200 -0.0800205097 -0.0744645188 
10.08272 0.00200 -0.0801267213 -0.0745713719 
10.08308 0.00200 -0.0802343036 -0.0746796039 
10.08344 0.00200 -0.0803418517 -0.0747878015 
10.08379 0.00200 -0.0804492736 -0.0748958722 
10.08415 0.00200 -0.0805566306 -0.0750038775 
10.08451 0.00200 -0.0806638919 -0.0751117866 
10.08487 0.00200 -0.0807710575 -0.0752195994 
10.08523 0.00200 -0.0808781579 -0.0753273465 
10.08558 0.00200 -0.0809851317 -0.0754349665 
10.08594 0.00200 -0.0810916729 -0.0755421510 
10.08629 0.00200 -0.0811933707 -0.0756444630 
10.08668 0.00200 -0.0813032717 -0.0757550278 
10.08704 0.00200 -0.0814047743 -0.0758571433 
10.08739 0.00200 -0.0815062088 -0.0759591904 
10.08775 0.00200 -0.0816075445 -0.0760611381 
10.08810 0.00200 -0.0817087813 -0.0761629864 
10.08846 0.00200 -0.0818099499 -0.0762647659 
10.08881 0.00200 -0.0819110502 -0.0763664768 
10.08916 0.00200 -0.0820120514 -0.0764680880 
10.08952 0.00200 -0.0821129842 -0.0765696303 
10.08987 0.00200 -0.0822138178 -0.0766710728 
10.09022 0.00200 -0.0823146135 -0.0767724773 
10.09058 0.00200 -0.0824152792 -0.0768737509 
10.09093 0.00200 -0.0825158762 -0.0769749555 
10.09128 0.00200 -0.0826163738 -0.0770760600 
10.09163 0.00200 -0.0827168026 -0.0771770953 
10.09199 0.00200 -0.0828171932 -0.0772780922 
10.09234 0.00200 -0.0829174535 -0.0773789580 
10.09269 0.00200 -0.0830176447 -0.0774797543 
10.09304 0.00200 -0.0831177362 -0.0775804503 
10.09339 0.00200 -0.0832177586 -0.0776810767 
10.09374 0.00200 -0.0833177426 -0.0777816646 
10.09409 0.00200 -0.0834175959 -0.0778821209 
10.09444 0.00200 -0.0835173798 -0.0779825074 
10.09479 0.00200 -0.0836170945 -0.0780828243 
10.09514 0.00200 -0.0837167090 -0.0781830404 
10.09549 0.00200 -0.0838162540 -0.0782831866 
10.09584 0.00200 -0.0839157295 -0.0783832629 
10.09618 0.00200 -0.0840151047 -0.0784832382 
10.09653 0.00200 -0.0841144102 -0.0785831434 
10.09688 0.00200 -0.0842136461 -0.0786829786 
10.09723 0.00200 -0.0843127813 -0.0787827126 
10.09757 0.00200 -0.0844118468 -0.0788823763 
10.09792 0.00200 -0.0845108733 -0.0789820008 
10.09827 0.00200 -0.0846065577 -0.0790782632 
10.09861 0.00200 -0.0846984348 -0.0791706951 
10.09896 0.00200 -0.0847902078 -0.0792630224 
10.09931 0.00200 -0.0848819077 -0.0793552761 
10.09965 0.00200 -0.0849735344 -0.0794474561 
10.10000 0.00200 -0.0850651187 -0.0795395935 
10.10037 0.00200 -0.0851641098 -0.0796391824 
10.10072 0.00200 -0.0852555490 -0.0797311739 
10.10106 0.00200 -0.0853468531 -0.0798230293 
10.10140 0.00200 -0.0854381455 -0.0799148731 
10.10175 0.00200 -0.0855293335 -0.0800066118 
10.10209 0.00200 -0.0856266983 -0.0801045646 
10.10243 0.00200 -0.0857260039 -0.0802044700 
10.10278 0.00200 -0.0858252704 -0.0803043359 
10.10312 0.00200 -0.0859244669 -0.0804041315 
10.10346 0.00200 -0.0860235313 -0.0805037942 
10.10381 0.00200 -0.0861225565 -0.0806034174 
10.10415 0.00200 -0.0862214805 -0.0807029389 
10.10449 0.00200 -0.0863203652 -0.0808024207 
10.10483 0.00200 -0.0864191485 -0.0809018006 
10.10517 0.00200 -0.0865178304 -0.0810010785 
10.10551 0.00200 -0.0866164418 -0.0811002854 
10.10585 0.00200 -0.0867149827 -0.0811994215 
10.10619 0.00200 -0.0868134841 -0.0812985177 
10.10653 0.00200 -0.0869118838 -0.0813975117 
10.10687 0.00200 -0.0870101818 -0.0814964033 
10.10721 0.00200 -0.0871084090 -0.0815952237 
10.10755 0.00200 -0.0872065964 -0.0816940041 
10.10789 0.00200 -0.0873046509 -0.0817926508 
10.10823 0.00200 -0.0874026966 -0.0818912886 
10.10857 0.00200 -0.0875006091 -0.0819897924 
10.10891 0.00200 -0.0875984817 -0.0820882562 
10.10924 0.00200 -0.0876962522 -0.0821866171 
10.10958 0.00200 -0.0877939515 -0.0822849064 
10.10992 0.00200 -0.0878915795 -0.0823831241 
10.11026 0.00200 -0.0879891364 -0.0824812701 
10.11059 0.00200 -0.0880865908 -0.0825793131 
10.11093 0.00200 -0.0881840050 -0.0826773155 
10.11127 0.00200 -0.0882813477 -0.0827752462 
10.11160 0.00200 -0.0883785879 -0.0828730736 
10.11194 0.00200 -0.0884757877 -0.0829708604 
10.11228 0.00200 -0.0885728847 -0.0830685438 
10.11261 0.00200 -0.0886699101 -0.0831661552 
10.11295 0.00200 -0.0887668326 -0.0832636630 
10.11328 0.00200 -0.0888637146 -0.0833611301 
10.11362 0.00200 -0.0889605560 -0.0834585563 
10.11398 0.00200 -0.0890651852 -0.0835638174 
10.11431 0.00200 -0.0891618534 -0.0836610694 
10.11464 0.00200 -0.0892583872 -0.0837581862 
10.11498 0.00200 -0.0893549114 -0.0838552933 
10.11531 0.00200 -0.0894513323 -0.0839522965 
10.11564 0.00200 -0.0895476498 -0.0840491958 
10.11598 0.00200 -0.0896439576 -0.0841460852 
10.11631 0.00200 -0.0897401620 -0.0842428706 
10.11664 0.00200 -0.0898362628 -0.0843395517 
10.11697 0.00200 -0.0899323225 -0.0844361916 
10.11731 0.00200 -0.0900283410 -0.0845327900 
10.11764 0.00200 -0.0901242246 -0.0846292527 
10.11797 0.00200 -0.0902200670 -0.0847256738 
10.11830 0.00200 -0.0903158367 -0.0848220220 
10.11863 0.00200 -0.0904115339 -0.0849182971 
10.11896 0.00200 -0.0905071271 -0.0850144676 
10.11929 0.00200 -0.0906026789 -0.0851105965 
10.11962 0.00200 -0.0906981267 -0.0852066206 
10.11995 0.00200 -0.0907935641 -0.0853026345 
10.12028 0.00200 -0.0908888662 -0.0853985121 
10.12061 0.00200 -0.0909841266 -0.0854943478 
10.12094 0.00200 -0.0910793140 -0.0855901100 
10.12127 0.00200 -0.0911743970 -0.0856857673 
10.12160 0.00200 -0.0912694696 -0.0857814141 
10.12192 0.00200 -0.0913644377 -0.0858769557 
10.12225 0.00200 -0.0914593013 -0.0859723922 
10.12258 0.00200 -0.0915541544 -0.0860678181 
10.12291 0.00200 -0.0916489028 -0.0861631388 
10.12323 0.00200 -0.0917435779 -0.0862583856 
10.12356 0.00200 -0.0918381795 -0.0863535586 
10.12389 0.00200 -0.0919327391 -0.0864486892 
10.12422 0.00200 -0.0920271938 -0.0865437143 
10.12454 0.00200 -0.0921215749 -0.0866386655 
10.12487 0.00200 -0.0922159138 -0.0867335741 
10.12519 0.00200 -0.0923101477 -0.0868283771 
10.12552 0.00200 -0.0924043707 -0.0869231691 
10.12584 0.00200 -0.0924984570 -0.0870178237 
10.12617 0.00200 -0.0925925010 -0.0871124356 
10.12649 0.00200 -0.0926864712 -0.0872069733 
10.12682 0.00200 -0.0927803673 -0.0873014365 
10.12717 0.00200 -0.0928819303 -0.0874036129 
10.12749 0.00200 -0.0929756803 -0.0874979290 
10.12782 0.00200 -0.0930693561 -0.0875921705 
10.12814 0.00200 -0.0931629577 -0.0876863375 
10.12846 0.00200 -0.0932565167 -0.0877804615 
10.12879 0.00200 -0.0933500015 -0.0878745108 
10.12911 0.00200 -0.0934434120 -0.0879684855 
10.12943 0.00200 -0.0935367482 -0.0880623853 
10.12976 0.00200 -0.0936300100 -0.0881562104 
10.13008 0.00200 -0.0937232289 -0.0882499922 
10.13040 0.00200 -0.0938163417 -0.0883436674 
10.13072 0.00200 -0.0939094116 -0.0884372994 
10.13104 0.00200 -0.0940023754 -0.0885308246 
10.13136 0.00200 -0.0940953276 -0.0886243382 
10.13168 0.00200 -0.0941881736 -0.0887177449 
10.13201 0.00200 -0.0942809764 -0.0888111082 
10.13233 0.00200 -0.0943736729 -0.0889043644 
10.13265 0.00200 -0.0944663578 -0.0889976090 
10.13297 0.00200 -0.0945589361 -0.0890907465 
10.13329 0.00200 -0.0946514395 -0.0891838086 
10.13361 0.00200 -0.0947438680 -0.0892767952 
10.13392 0.00200 -0.0948362530 -0.0893697382 
10.13424 0.00200 -0.0949285629 -0.0894626056 
10.13456 0.00200 -0.0950208294 -0.0895554293 
10.13488 0.00200 -0.0951129891 -0.0896481455 
10.13520 0.00200 -0.0952051051 -0.0897408179 
10.13552 0.00200 -0.0952971459 -0.0898334145 
10.13584 0.00200 -0.0953891113 -0.0899259354 
10.13615 0.00200 -0.0954810014 -0.0900183804 
10.13647 0.00200 -0.0955728161 -0.0901107496 
10.13679 0.00200 -0.0956645870 -0.0902030747 
10.13711 0.00200 -0.0957563140 -0.0902953556 
10.13742 0.00200 -0.0958479337 -0.0903875287 
10.13774 0.00200 -0.0959395413 -0.0904796895 
10.13805 0.00200 -0.0960310098 -0.0905717104 
10.13837 0.00200 -0.0961224660 -0.0906637189 
10.13869 0.00200 -0.0962138464 -0.0907556512 
10.13900 0.00200 -0.0963051193 -0.0908474753 
10.13932 0.00200 -0.0963963798 -0.0909392869 
10.13963 0.00200 -0.0964875326 -0.0910309903 
10.13997 0.00200 -0.0965861314 -0.0911301845 
10.14029 0.00200 -0.0966771338 -0.0912217365 
10.14060 0.00200 -0.0967680920 -0.0913132440 
10.14092 0.00200 -0.0968590058 -0.0914047068 
10.14123 0.00200 -0.0969498434 -0.0914960931 
10.14154 0.00200 -0.0970406048 -0.0915874027 
10.14186 0.00200 -0.0971312901 -0.0916786356 
10.14217 0.00200 -0.0972219625 -0.0917698556 
10.14248 0.00200 -0.0973125269 -0.0918609670 
10.14280 0.00200 -0.0974030467 -0.0919520334 
10.14311 0.00200 -0.0974934582 -0.0920429909 
10.14342 0.00200 -0.0975838569 -0.0921339355 
10.14373 0.00200 -0.0976741472 -0.0922247712 
10.14405 0.00200 -0.0977644246 -0.0923155938 
10.14436 0.00200 -0.0978546254 -0.0924063393 
10.14467 0.00200 -0.0979447177 -0.0924969757 
10.14498 0.00200 -0.0980347651 -0.0925875669 
10.14529 0.00200 -0.0981247675 -0.0926781129 
10.14560 0.00200 -0.0982146933 -0.0927685817 
10.14591 0.00200 -0.0983045739 -0.0928590052 
10.14622 0.00200 -0.0983922423 -0.0929472030 
10.14653 0.00200 -0.0984744457 -0.0930299028 
10.14684 0.00200 -0.0985565690 -0.0931125221 
10.14715 0.00200 -0.0986386442 -0.0931950929 
10.14746 0.00200 -0.0987206712 -0.0932776153 
10.14777 0.00200 -0.0988026180 -0.0933600571 
10.14808 0.00200 -0.0988845167 -0.0934424503 
10.14839 0.00200 -0.0989663670 -0.0935247950 
10.14870 0.00200 -0.0990481691 -0.0936070911 
10.14901 0.00200 -0.0991298908 -0.0936893063 
10.14932 0.00200 -0.0992115322 -0.0937714408 
10.14962 0.00200 -0.0992931252 -0.0938535266 
10.14993 0.00200 -0.0993798447 -0.0939407697 
10.15024 0.00200 -0.0994689459 -0.0940304091 
10.15055 0.00200 -0.0995579696 -0.0941199704 
10.15085 0.00200 -0.0996469477 -0.0942094859 
10.15116 0.00200 -0.0997358803 -0.0942989556 
10.15147 0.00200 -0.0998247033 -0.0943883150 
10.15177 0.00200 -0.0999134806 -0.0944776284 
