7.00000 0.04000 1.2392016796 2.5440729671 
7.30103 0.04000 1.0119756890 1.2001856687 
7.47712 0.04000 0.9302697907 1.0244539935 
7.60206 0.04000 0.9120473048 0.9431533107 
7.69897 0.04000 0.8480861391 0.8867845720 
7.77815 0.04000 0.7939200575 0.8408861371 
7.84510 0.04000 0.7602796022 0.8054381349 
7.90309 0.04000 0.7484372113 0.7786900689 
7.95424 0.04000 0.7228213766 0.7562059826 
8.00000 0.04000 0.7294951474 0.7364443996 
8.04139 0.04000 0.6959271237 0.7191472213 
8.07918 0.04000 0.6925775134 0.7036568224 
8.11394 0.04000 0.6794665266 0.6896092535 
8.14613 0.04000 0.6449063653 0.6767811444 
8.17609 0.04000 0.6426374731 0.6651279456 
8.20412 0.04000 0.6485410123 0.6543340782 
8.23045 0.04000 0.6377216393 0.6443021381 
8.25527 0.04000 0.6275347090 0.6348954187 
8.27875 0.04000 0.6203522257 0.6260462345 
8.30103 0.04000 0.5950260091 0.6176849276 
8.32222 0.04000 0.6042532750 0.6098907112 
8.34242 0.04000 0.5944586207 0.6024750039 
8.36173 0.04000 0.5890445348 0.5954294451 
8.38021 0.04000 0.5642240792 0.5888637878 
8.39794 0.04000 0.5754512511 0.5825764075 
8.41497 0.04000 0.5520960135 0.5765446803 
8.43136 0.04000 0.5448889163 0.5708204189 
8.44716 0.04000 0.5403464409 0.5654054577 
8.46240 0.04000 0.5336502735 0.5601867159 
8.47712 0.04000 0.5294776559 0.5551504752 
8.49136 0.04000 0.5231408830 0.5502844323 
8.50515 0.04000 0.5177435486 0.5455778674 
8.51851 0.04000 0.5140390861 0.5410204344 
8.53148 0.04000 0.5112361851 0.5366028149 
8.54407 0.04000 0.5054877772 0.5323167346 
8.55630 0.04000 0.5006339675 0.5281545089 
8.56820 0.04000 0.4966615446 0.5241092347 
8.57978 0.04000 0.4920325256 0.5201697342 
8.59106 0.04000 0.4882667233 0.5163329153 
8.60206 0.04000 0.4845984937 0.5125955091 
8.61278 0.04000 0.4810229189 0.5089525051 
8.62325 0.04000 0.4782884860 0.5053992275 
8.63347 0.04000 0.4733804266 0.5019313986 
8.64345 0.04000 0.4700583752 0.4985449730 
8.65321 0.04000 0.4668142795 0.4952380136 
8.66276 0.04000 0.4629469464 0.4920566050 
8.67210 0.04000 0.4598960500 0.4889450020 
8.68124 0.04000 0.4569106326 0.4859001809 
8.69020 0.04000 0.4532460960 0.4829193190 
8.69897 0.04000 0.4503850051 0.4799998087 
8.70757 0.04000 0.4461036934 0.4771391329 
8.71600 0.04000 0.4433584898 0.4743350134 
8.72428 0.04000 0.4406664987 0.4715852483 
8.73239 0.04000 0.4387604925 0.4688877551 
8.74036 0.04000 0.4361676447 0.4662406137 
8.74819 0.04000 0.4321648221 0.4636490181 
8.75587 0.04000 0.4296754970 0.4611049685 
8.76343 0.04000 0.4272301171 0.4586058303 
8.77085 0.04000 0.4248272255 0.4561501144 
8.77815 0.04000 0.4231925773 0.4537363117 
8.78533 0.04000 0.4223211879 0.4513629681 
8.79239 0.04000 0.4171342538 0.4490288355 
8.79934 0.04000 0.4148885443 0.4467325831 
8.80618 0.04000 0.4126786810 0.4444729838 
8.81291 0.04000 0.4105036055 0.4422489552 
8.81954 0.04000 0.4083621861 0.4400593401 
8.82607 0.04000 0.4076920242 0.4379030947 
8.83251 0.04000 0.4034580238 0.4357792168 
8.83885 0.04000 0.4006959419 0.4336872442 
8.84510 0.04000 0.3993989043 0.4316266170 
8.85126 0.04000 0.3974136060 0.4295955979 
8.85733 0.04000 0.3968847617 0.4275933735 
8.86332 0.04000 0.3921002588 0.4256190663 
8.86923 0.04000 0.3909111711 0.4236720077 
8.87506 0.04000 0.3876122495 0.4217513515 
8.88081 0.04000 0.3864731456 0.4198564642 
8.88649 0.04000 0.3832286017 0.4179866538 
8.89209 0.04000 0.3814284315 0.4161412485 
8.89763 0.04000 0.3803589472 0.4143195979 
8.90309 0.04000 0.3786036874 0.4125211538 
8.90849 0.04000 0.3768704876 0.4107453125 
8.91381 0.04000 0.3751587430 0.4089914542 
8.91908 0.04000 0.3720600677 0.4072591459 
8.92428 0.04000 0.3703915067 0.4055477793 
8.92942 0.04000 0.3687429155 0.4038568948 
8.93450 0.04000 0.3671137940 0.4021859796 
8.93952 0.04000 0.3662043679 0.4005346315 
8.94448 0.04000 0.3645234451 0.3988114702 
8.94939 0.04000 0.3628548121 0.3971009074 
8.95424 0.04000 0.3612049806 0.3954096185 
8.95904 0.04000 0.3595735439 0.3937371868 
8.96379 0.04000 0.3572637770 0.3920832685 
8.96848 0.04000 0.3555862638 0.3903627201 
8.97313 0.04000 0.3538793043 0.3886119699 
8.97772 0.04000 0.3521905805 0.3868799232 
8.98227 0.04000 0.3519056156 0.3851662356 
8.98677 0.04000 0.3495584431 0.3834704245 
8.99123 0.04000 0.3479896274 0.3818621872 
8.99564 0.04000 0.3465690154 0.3804058778 
9.00000 0.04000 0.3451628282 0.3789643557 
9.00432 0.04000 0.3437707599 0.3775373072 
9.00860 0.04000 0.3417041341 0.3761244557 
9.01284 0.04000 0.3403401453 0.3747254749 
9.01703 0.04000 0.3389894840 0.3733401634 
9.02119 0.04000 0.3376196236 0.3719351604 
9.02531 0.04000 0.3362540057 0.3705345087 
9.02938 0.04000 0.3349013589 0.3691471608 
9.03342 0.04000 0.3335614323 0.3677728595 
9.03743 0.04000 0.3322339701 0.3664113423 
9.04139 0.04000 0.3309187546 0.3650623861 
9.04532 0.04000 0.3296155637 0.3637257628 
9.04922 0.04000 0.3283024329 0.3623789448 
9.05308 0.04000 0.3269971313 0.3610401567 
9.05690 0.04000 0.3257034481 0.3597132852 
9.06070 0.04000 0.3244211488 0.3583980895 
9.06446 0.04000 0.3231500383 0.3570943697 
9.06818 0.04000 0.3218899180 0.3558019221 
9.07188 0.04000 0.3206405853 0.3545205388 
9.07554 0.04000 0.3194305675 0.3532794790 
9.07918 0.04000 0.3182694580 0.3520885822 
9.08278 0.04000 0.3171180712 0.3509076574 
9.08636 0.04000 0.3159762244 0.3497365174 
9.08990 0.04000 0.3148437320 0.3485749719 
9.09342 0.04000 0.3137205415 0.3474229668 
9.09691 0.04000 0.3126063711 0.3462802134 
9.10037 0.04000 0.3115011635 0.3451466525 
9.10380 0.04000 0.3104047679 0.3440221298 
9.10721 0.04000 0.3080020251 0.3429358234 
9.11059 0.04000 0.3069581233 0.3418640414 
9.11394 0.04000 0.3065930497 0.3408005679 
9.11727 0.04000 0.3055647325 0.3397453287 
9.12057 0.04000 0.3045442730 0.3386981529 
9.12385 0.04000 0.3035315486 0.3376589146 
9.12710 0.04000 0.3025264815 0.3366275341 
9.13033 0.04000 0.3015289456 0.3356038821 
9.13353 0.04000 0.2992035579 0.3345878274 
9.13671 0.04000 0.2982099716 0.3335671805 
9.13987 0.04000 0.2970381926 0.3323634877 
9.14301 0.04000 0.2972067466 0.3311685249 
9.14613 0.04000 0.2960507156 0.3299822281 
9.14922 0.04000 0.2949006048 0.3288020067 
9.15229 0.04000 0.2930968785 0.3276325938 
9.15534 0.04000 0.2919658910 0.3264714002 
9.15836 0.04000 0.2908428863 0.3253184025 
9.16137 0.04000 0.2910524850 0.3241733800 
9.16435 0.04000 0.2899622766 0.3230552031 
9.16732 0.04000 0.2889860366 0.3220539185 
9.17026 0.04000 0.2880164580 0.3210594662 
9.17318 0.04000 0.2870533987 0.3200717004 
9.17609 0.04000 0.2860968599 0.3190906223 
9.17897 0.04000 0.2851466966 0.3181160834 
9.18184 0.04000 0.2842028595 0.3171480329 
9.18469 0.04000 0.2832652495 0.3161863693 
9.18752 0.04000 0.2823338150 0.3152310396 
9.19033 0.04000 0.2814084055 0.3142818895 
9.19312 0.04000 0.2804889670 0.3133388635 
9.19590 0.04000 0.2795718550 0.3123982237 
9.19865 0.04000 0.2779769942 0.3114353241 
9.20139 0.04000 0.2770446717 0.3104785928 
9.20412 0.04000 0.2761182067 0.3095278723 
9.20682 0.04000 0.2751975430 0.3085831050 
9.20951 0.04000 0.2742825740 0.3076441814 
9.21218 0.04000 0.2733733408 0.3067111439 
9.21484 0.04000 0.2724696354 0.3057837789 
9.21748 0.04000 0.2715714974 0.3048621270 
9.22010 0.04000 0.2706787660 0.3039460233 
9.22271 0.04000 0.2697914795 0.3030355069 
9.22530 0.04000 0.2689094748 0.3021304107 
9.22788 0.04000 0.2680431265 0.3012413808 
9.23044 0.04000 0.2672009727 0.3003771789 
9.23299 0.04000 0.2663637720 0.2995180597 
9.23552 0.04000 0.2655314556 0.2986639527 
9.23804 0.04000 0.2647040050 0.2978148388 
9.24054 0.04000 0.2638813753 0.2969706721 
9.24303 0.04000 0.2630634451 0.2961313279 
9.24551 0.04000 0.2622502190 0.2952968109 
9.24797 0.04000 0.2614416247 0.2944670472 
9.25041 0.04000 0.2606375894 0.2936419616 
9.25285 0.04000 0.2598381162 0.2928215576 
9.25527 0.04000 0.2590430794 0.2920057062 
9.25768 0.04000 0.2582504684 0.2911923441 
9.26007 0.04000 0.2574642807 0.2903855735 
9.26245 0.04000 0.2575015327 0.2891002891 
9.26482 0.04000 0.2568426260 0.2877644333 
9.26717 0.04000 0.2549024411 0.2864358870 
9.26951 0.04000 0.2542563379 0.2851145154 
9.27184 0.04000 0.2536158634 0.2838002617 
9.27416 0.04000 0.2536225387 0.2824930680 
9.27646 0.04000 0.2517106445 0.2811928205 
9.27875 0.04000 0.2510873403 0.2798994848 
9.28103 0.04000 0.2503411998 0.2784818713 
9.28330 0.04000 0.2497769038 0.2772515495 
9.28556 0.04000 0.2498568113 0.2760284810 
9.28780 0.04000 0.2480401487 0.2748248632 
9.29003 0.04000 0.2475050706 0.2736274955 
9.29225 0.04000 0.2475983953 0.2724230573 
9.29446 0.04000 0.2457876465 0.2712248624 
9.29666 0.04000 0.2452546946 0.2700327217 
9.29885 0.04000 0.2453612056 0.2688466106 
9.30103 0.04000 0.2435687364 0.2676664478 
9.30319 0.04000 0.2430504075 0.2664922348 
9.30535 0.04000 0.2433544933 0.2655120326 
9.30749 0.04000 0.2417705730 0.2645437471 
9.30963 0.04000 0.2408243894 0.2635802111 
9.31175 0.04000 0.2405145600 0.2626214895 
9.31386 0.04000 0.2395771677 0.2616673922 
9.31597 0.04000 0.2399056741 0.2607179260 
9.31806 0.04000 0.2383462134 0.2597730690 
9.32014 0.04000 0.2374219357 0.2588327987 
9.32222 0.04000 0.2371312951 0.2578969781 
9.32428 0.04000 0.2362202912 0.2569706826 
9.32633 0.04000 0.2365768999 0.2560554994 
9.32838 0.04000 0.2350522949 0.2551446556 
9.33041 0.04000 0.2341560774 0.2542338580 
9.33243 0.04000 0.2345762919 0.2533864944 
9.33445 0.04000 0.2331797057 0.2526047926 
9.33645 0.04000 0.2324136478 0.2518266677 
9.33845 0.04000 0.2316511329 0.2510521416 
9.34044 0.04000 0.2308921250 0.2502811778 
9.34242 0.04000 0.2301365880 0.2495137396 
9.34439 0.04000 0.2306319894 0.2487478918 
9.34635 0.04000 0.2292582712 0.2479874475 
9.34830 0.04000 0.2285125720 0.2472303868 
9.35025 0.04000 0.2277702542 0.2464767588 
9.35218 0.04000 0.2270312795 0.2457265250 
9.35411 0.04000 0.2275411541 0.2449795875 
9.35603 0.04000 0.2261855189 0.2442359656 
9.35793 0.04000 0.2254559422 0.2434956490 
9.35983 0.04000 0.2247295833 0.2427585974 
9.36173 0.04000 0.2240063730 0.2420247409 
9.36361 0.04000 0.2232869441 0.2412947215 
9.36549 0.04000 0.2238492233 0.2406057796 
9.36735 0.04000 0.2231861435 0.2399336211 
9.36921 0.04000 0.2219059797 0.2392643599 
9.37107 0.04000 0.2212473730 0.2385963971 
9.37291 0.04000 0.2205902015 0.2379298898 
9.37475 0.04000 0.2199358036 0.2372661955 
9.37657 0.04000 0.2192841935 0.2366053287 
9.37840 0.04000 0.2186352966 0.2359472136 
9.38021 0.04000 0.2179891564 0.2352918943 
9.38201 0.04000 0.2173456680 0.2346392645 
9.38381 0.04000 0.2167048745 0.2339893679 
9.38560 0.04000 0.2173006890 0.2333421578 
9.38739 0.04000 0.2166645318 0.2326976174 
9.38916 0.04000 0.2154146568 0.2320557297 
9.39093 0.04000 0.2147839788 0.2314164167 
9.39269 0.04000 0.2141559434 0.2307797824 
9.39445 0.04000 0.2135304134 0.2301456878 
9.39620 0.04000 0.2129074009 0.2295141452 
9.39794 0.04000 0.2122869184 0.2288851673 
9.39967 0.04000 0.2116689178 0.2282587052 
9.40140 0.04000 0.2110689532 0.2276505261 
9.40312 0.04000 0.2104729313 0.2270463437 
9.40483 0.04000 0.2098784442 0.2264437170 
9.40654 0.04000 0.2092855904 0.2258427460 
9.40824 0.04000 0.2099209343 0.2252441477 
9.40993 0.04000 0.2093321455 0.2246479022 
9.41162 0.04000 0.2087452636 0.2240535876 
9.41330 0.04000 0.2075462447 0.2234591704 
9.41497 0.04000 0.2069618440 0.2228670685 
9.41664 0.04000 0.2063781769 0.2222757099 
9.41830 0.04000 0.2057982533 0.2216881441 
9.41996 0.04000 0.2052205537 0.2211028317 
9.42160 0.04000 0.2046450269 0.2205197206 
9.42325 0.04000 0.2040717440 0.2199388831 
9.42488 0.04000 0.2035005920 0.2193602045 
9.42651 0.04000 0.2029315803 0.2187836944 
9.42813 0.04000 0.2023646876 0.2182093312 
9.42975 0.04000 0.2017999542 0.2176371558 
9.43136 0.04000 0.2012372657 0.2170670523 
9.43297 0.04000 0.2018938319 0.2164991240 
9.43457 0.04000 0.2013347874 0.2159332861 
9.43616 0.04000 0.2001697974 0.2153695163 
9.43775 0.04000 0.1996203668 0.2148131273 
9.43933 0.04000 0.1990776294 0.2142635163 
9.44091 0.04000 0.1985368609 0.2137158992 
9.44248 0.04000 0.1979980697 0.2131702844 
9.44404 0.04000 0.1974612014 0.2126266168 
9.44560 0.04000 0.1969262954 0.2120849365 
9.44716 0.04000 0.1964026576 0.2115546669 
9.44870 0.04000 0.1958838517 0.2110292905 
9.45025 0.04000 0.1953669363 0.2105058286 
9.45178 0.04000 0.1948518561 0.2099842251 
9.45332 0.04000 0.1943386183 0.2094644873 
9.45484 0.04000 0.1938227115 0.2089420468 
9.45636 0.04000 0.1933084930 0.2084213159 
9.45788 0.04000 0.1927960962 0.2079024298 
9.45939 0.04000 0.1934934543 0.2073853316 
9.46090 0.04000 0.1929841120 0.2068700607 
9.46240 0.04000 0.1924765193 0.2063565598 
9.46389 0.04000 0.1919706515 0.2058448038 
9.46538 0.04000 0.1908635782 0.2053348318 
9.46686 0.04000 0.1903614666 0.2048266186 
9.46834 0.04000 0.1898610674 0.2043201386 
9.46982 0.04000 0.1893623873 0.2038153986 
9.47129 0.04000 0.1888653370 0.2033123082 
9.47275 0.04000 0.1883700190 0.2028109711 
9.47421 0.04000 0.1878763436 0.2023112966 
9.47567 0.04000 0.1873847028 0.2018136814 
9.47712 0.04000 0.1869036629 0.2013267961 
9.47857 0.04000 0.1864229529 0.2008402445 
9.48001 0.04000 0.1859451543 0.2003566397 
9.48144 0.04000 0.1854688890 0.1998745869 
9.48287 0.04000 0.1849941953 0.1993941248 
9.48430 0.04000 0.1845210789 0.1989152591 
9.48572 0.04000 0.1840495132 0.1984379630 
9.48714 0.04000 0.1835794715 0.1979622094 
9.48855 0.04000 0.1831109918 0.1974880368 
9.48996 0.04000 0.1826440473 0.1970154180 
9.49136 0.04000 0.1821707710 0.1965363905 
9.49276 0.04000 0.1816950179 0.1960548561 
9.49415 0.04000 0.1812208234 0.1955748992 
9.49554 0.04000 0.1807481606 0.1950964927 
9.49693 0.04000 0.1802769371 0.1946195430 
9.49831 0.04000 0.1798056863 0.1941425655 
9.49969 0.04000 0.1793359804 0.1936671518 
9.50106 0.04000 0.1788677268 0.1931932080 
9.50243 0.04000 0.1784009636 0.1927207728 
9.50379 0.04000 0.1779356634 0.1922498183 
9.50515 0.04000 0.1774717986 0.1917803166 
9.50650 0.04000 0.1770094402 0.1913123398 
9.50785 0.04000 0.1765484949 0.1908457931 
9.50920 0.04000 0.1760890007 0.1903807151 
9.51054 0.04000 0.1756308966 0.1899170442 
9.51188 0.04000 0.1751742539 0.1894548525 
9.51322 0.04000 0.1759085342 0.1889940110 
9.51455 0.04000 0.1754542706 0.1885346925 
9.51587 0.04000 0.1750066321 0.1880820727 
9.51719 0.04000 0.1739727540 0.1876374166 
9.51851 0.04000 0.1735345926 0.1871941552 
9.51983 0.04000 0.1730977147 0.1867521922 
9.52114 0.04000 0.1726621912 0.1863115993 
9.52244 0.04000 0.1722279601 0.1858723139 
9.52374 0.04000 0.1717950256 0.1854343402 
9.52504 0.04000 0.1713633922 0.1849976827 
9.52634 0.04000 0.1709330643 0.1845623459 
9.52763 0.04000 0.1705040126 0.1841283002 
9.52891 0.04000 0.1700762415 0.1836955500 
9.53020 0.04000 0.1696497216 0.1832640656 
9.53148 0.04000 0.1692244908 0.1828338852 
9.53275 0.04000 0.1687994099 0.1824038565 
9.53403 0.04000 0.1683766341 0.1819761597 
9.53529 0.04000 0.1679565411 0.1815511770 
9.53656 0.04000 0.1675597779 0.1811497956 
9.53782 0.04000 0.1671641666 0.1807495794 
9.53908 0.04000 0.1667696768 0.1803504980 
9.54033 0.04000 0.1663763460 0.1799525889 
9.54158 0.04000 0.1659969712 0.1795687983 
9.54282 0.04000 0.1656240360 0.1791915222 
9.54407 0.04000 0.1652521665 0.1788153243 
9.54531 0.04000 0.1648813999 0.1784402421 
9.54654 0.04000 0.1645116033 0.1780661412 
9.54777 0.04000 0.1641429496 0.1776931965 
9.54900 0.04000 0.1637753059 0.1773212735 
9.55023 0.04000 0.1634086750 0.1769503751 
9.55145 0.04000 0.1630431279 0.1765805733 
9.55267 0.04000 0.1626785655 0.1762117674 
9.55388 0.04000 0.1623150587 0.1758440295 
9.55509 0.04000 0.1619525762 0.1754773279 
9.55630 0.04000 0.1615910527 0.1751115963 
9.55751 0.04000 0.1612305934 0.1747469414 
9.55871 0.04000 0.1608693516 0.1743814949 
9.55990 0.04000 0.1605009151 0.1740087699 
9.56110 0.04000 0.1595463881 0.1736370784 
9.56229 0.04000 0.1591802176 0.1732664582 
9.56348 0.04000 0.1582282292 0.1728967731 
9.56466 0.04000 0.1578642309 0.1725281650 
9.56585 0.04000 0.1569148570 0.1721605672 
9.56702 0.04000 0.1565529717 0.1717939130 
9.56820 0.04000 0.1556060819 0.1714282747 
9.56937 0.04000 0.1552463526 0.1710636201 
9.57054 0.04000 0.1543019883 0.1706999871 
9.57171 0.04000 0.1539443896 0.1703373084 
9.57287 0.04000 0.1530024542 0.1699755868 
9.57403 0.04000 0.1526469259 0.1696148248 
9.57519 0.04000 0.1517074606 0.1692550603 
9.57634 0.04000 0.1513540111 0.1688962256 
9.57749 0.04000 0.1562626026 0.1685383936 
9.57864 0.04000 0.1500655911 0.1681814617 
9.57978 0.04000 0.1549729610 0.1678254674 
9.58092 0.04000 0.1487807108 0.1674695683 
9.58206 0.04000 0.1484322326 0.1671154209 
9.58320 0.04000 0.1475010463 0.1667622541 
9.58433 0.04000 0.1471498171 0.1664051294 
9.58546 0.04000 0.1461060485 0.1659368911 
9.58659 0.04000 0.1456469811 0.1654698805 
9.58771 0.04000 0.1452240676 0.1650396494 
9.58883 0.04000 0.1442334938 0.1646246202 
9.58995 0.04000 0.1438267700 0.1642106483 
9.59106 0.04000 0.1498251781 0.1637977372 
9.59218 0.04000 0.1424345034 0.1633859258 
9.59329 0.04000 0.1420310868 0.1629751108 
9.59439 0.04000 0.1480260300 0.1625653667 
9.59550 0.04000 0.1406460428 0.1621566970 
9.59660 0.04000 0.1402459249 0.1617490336 
9.59769 0.04000 0.1392658362 0.1613423797 
9.59879 0.04000 0.1388679412 0.1609367743 
9.59988 0.04000 0.1454377546 0.1605322207 
9.60097 0.04000 0.1374730924 0.1601064856 
9.60206 0.04000 0.1370325497 0.1596571770 
9.60314 0.04000 0.1365930988 0.1592089819 
9.60422 0.04000 0.1355750728 0.1587619043 
9.60530 0.04000 0.1351380402 0.1583159481 
9.60638 0.04000 0.1347020750 0.1578710811 
9.60745 0.04000 0.1423732965 0.1574273794 
9.60852 0.04000 0.1332546512 0.1569847027 
9.60959 0.04000 0.1328221674 0.1565431628 
9.61066 0.04000 0.1323907303 0.1561026914 
9.61172 0.04000 0.1313822227 0.1556632924 
9.61278 0.04000 0.1309530735 0.1552249330 
9.61384 0.04000 0.1305250522 0.1547877257 
9.61490 0.04000 0.1399149169 0.1543515293 
9.61595 0.04000 0.1290948061 0.1539164199 
9.61700 0.04000 0.1286700879 0.1534823649 
9.61805 0.04000 0.1386290046 0.1530493314 
9.61909 0.04000 0.1272470924 0.1526173595 
9.62013 0.04000 0.1268256345 0.1521864161 
9.62117 0.04000 0.1258290554 0.1517565413 
9.62221 0.04000 0.1254098343 0.1513276657 
9.62325 0.04000 0.1371160173 0.1509341360 
9.62428 0.04000 0.1240689847 0.1505447519 
9.62531 0.04000 0.1236904031 0.1501572533 
9.62634 0.04000 0.1359665418 0.1497706922 
9.62737 0.04000 0.1223610459 0.1493851080 
9.62839 0.04000 0.1357802426 0.1490003568 
9.62941 0.04000 0.1210359278 0.1486165145 
9.63043 0.04000 0.1206621922 0.1482335839 
9.63144 0.04000 0.1346446712 0.1478515677 
9.63246 0.04000 0.1193433426 0.1474704317 
9.63347 0.04000 0.1338920425 0.1470901786 
9.63448 0.04000 0.1180287357 0.1467108479 
9.63548 0.04000 0.1176597229 0.1463323684 
9.63649 0.04000 0.1333481300 0.1459599959 
9.63749 0.04000 0.1163735277 0.1456009661 
9.63849 0.04000 0.1326388154 0.1452427880 
9.63949 0.04000 0.1151034787 0.1448853898 
9.64048 0.04000 0.1325052832 0.1445288478 
9.64147 0.04000 0.1321532996 0.1441731273 
9.64246 0.04000 0.1134918480 0.1438181933 
9.64345 0.04000 0.1314517062 0.1434640852 
9.64444 0.04000 0.1311021007 0.1431107681 
9.64542 0.04000 0.1118883728 0.1427582813 
9.64640 0.04000 0.1115462181 0.1424066272 
9.64738 0.04000 0.1112047667 0.1420556959 
9.64836 0.04000 0.1108640934 0.1417055643 
9.64933 0.04000 0.1287949983 0.1413561970 
9.65031 0.04000 0.1284503450 0.1410077085 
9.65128 0.04000 0.1092760742 0.1406599137 
9.65224 0.04000 0.1089386344 0.1403129270 
9.65321 0.04000 0.1086019462 0.1399667132 
9.65417 0.04000 0.1276492648 0.1396212742 
9.65514 0.04000 0.1273081863 0.1392765745 
9.65610 0.04000 0.1070265865 0.1389326538 
9.65705 0.04000 0.1066930595 0.1385895141 
9.65801 0.04000 0.1063602570 0.1382471198 
9.65896 0.04000 0.1265207258 0.1379054729 
9.65991 0.04000 0.1261832389 0.1375645753 
9.66086 0.04000 0.1258464959 0.1372244291 
9.66181 0.04000 0.1044676040 0.1368850362 
9.66276 0.04000 0.1041385857 0.1365463609 
9.66370 0.04000 0.1248398129 0.1362075725 
9.66464 0.04000 0.1244855592 0.1358497387 
9.66558 0.04000 0.1246812505 0.1354736464 
9.66652 0.04000 0.1243094995 0.1350983281 
9.66745 0.04000 0.1239385551 0.1347238241 
9.66839 0.04000 0.1235948765 0.1343768475 
9.66932 0.04000 0.1232628244 0.1340416091 
9.67025 0.04000 0.1229315335 0.1337071392 
9.67117 0.04000 0.1226009303 0.1333733635 
9.67210 0.04000 0.1222710543 0.1330403220 
9.67302 0.04000 0.1225085068 0.1327079784 
9.67394 0.04000 0.1221798493 0.1323763345 
9.67486 0.04000 0.1218518869 0.1320453922 
9.67578 0.04000 0.1215246594 0.1317151914 
9.67669 0.04000 0.1212184891 0.1314062392 
9.67761 0.04000 0.1209273895 0.1311124945 
9.67852 0.04000 0.1206368900 0.1308193554 
9.67943 0.04000 0.1203469921 0.1305268234 
9.68033 0.04000 0.1200576970 0.1302348997 
9.68124 0.04000 0.1197690442 0.1299436241 
9.68214 0.04000 0.1194809970 0.1296529596 
9.68305 0.04000 0.1191934805 0.1293628307 
9.68395 0.04000 0.1189066104 0.1290733540 
9.68484 0.04000 0.1186203499 0.1287844924 
9.68574 0.04000 0.1183346622 0.1284962089 
9.68663 0.04000 0.1180495867 0.1282085431 
9.68753 0.04000 0.1177650866 0.1279214579 
9.68842 0.04000 0.1174811631 0.1276349546 
9.68931 0.04000 0.1171977793 0.1273489959 
9.69019 0.04000 0.1169150129 0.1270636601 
9.69108 0.04000 0.1166328269 0.1267789101 
9.69196 0.04000 0.1169147901 0.1264947857 
9.69285 0.04000 0.1166335885 0.1262111722 
9.69373 0.04000 0.1163530098 0.1259281870 
9.69460 0.04000 0.1160729400 0.1256457150 
9.69548 0.04000 0.1157934572 0.1253638349 
9.69635 0.04000 0.1155145625 0.1250825482 
9.69723 0.04000 0.1152362188 0.1248018171 
9.69810 0.04000 0.1149583888 0.1245216040 
9.69897 0.04000 0.1146811891 0.1242420267 
9.69984 0.04000 0.1132792863 0.1239622693 
9.70070 0.04000 0.1130034365 0.1236837725 
9.70157 0.04000 0.1127281430 0.1234058373 
9.70243 0.04000 0.1124533683 0.1231284259 
9.70329 0.04000 0.1121791910 0.1228516175 
9.70415 0.04000 0.1119055348 0.1225753354 
9.70501 0.04000 0.1116324009 0.1222995805 
9.70586 0.04000 0.1119211220 0.1220243932 
9.70672 0.04000 0.1116489374 0.1217497355 
9.70757 0.04000 0.1113773176 0.1214756476 
9.70842 0.04000 0.1111061860 0.1212020524 
9.70927 0.04000 0.1108355825 0.1209289902 
9.71012 0.04000 0.1105655860 0.1206565404 
9.71096 0.04000 0.1102960422 0.1203845474 
9.71181 0.04000 0.1100256291 0.1201116772 
9.71265 0.04000 0.1097256889 0.1198090116 
9.71349 0.04000 0.1094263187 0.1195069213 
9.71433 0.04000 0.1091275200 0.1192054076 
9.71517 0.04000 0.1093890652 0.1189045112 
9.71600 0.04000 0.1090912631 0.1186041549 
9.71684 0.04000 0.1087940367 0.1183043791 
9.71767 0.04000 0.1084973483 0.1180051460 
9.71850 0.04000 0.1082013166 0.1177065751 
9.71933 0.04000 0.1079057862 0.1174085099 
9.72016 0.04000 0.1076159719 0.1171162098 
9.72098 0.04000 0.1073672250 0.1168653294 
9.72181 0.04000 0.1076775490 0.1166149372 
9.72263 0.04000 0.1074483461 0.1163838849 
9.72345 0.04000 0.1072273931 0.1161611492 
9.72427 0.04000 0.1070067986 0.1159387748 
9.72509 0.04000 0.1067866813 0.1157168815 
9.72591 0.04000 0.1065669632 0.1154953905 
9.72673 0.04000 0.1063476450 0.1152743028 
9.72754 0.04000 0.1061287273 0.1150536187 
9.72835 0.04000 0.1059102504 0.1148333790 
9.72916 0.04000 0.1056921359 0.1146135046 
9.72997 0.04000 0.1054744239 0.1143940360 
9.73078 0.04000 0.1052571942 0.1141750535 
9.73159 0.04000 0.1050403289 0.1139564385 
9.73239 0.04000 0.1048238682 0.1137382313 
9.73320 0.04000 0.1046072196 0.1135198346 
9.73400 0.04000 0.1043915698 0.1133024448 
9.73480 0.04000 0.1041762475 0.1130853851 
9.73560 0.04000 0.1039614115 0.1128688157 
9.73640 0.04000 0.1037469438 0.1126526176 
9.73719 0.04000 0.1035328054 0.1124367514 
9.73799 0.04000 0.1033191554 0.1122213775 
9.73878 0.04000 0.1031058756 0.1120063769 
9.73957 0.04000 0.1028929269 0.1117917100 
9.74036 0.04000 0.1026804290 0.1115774975 
9.74115 0.04000 0.1024683031 0.1113636601 
9.74194 0.04000 0.1022565101 0.1111501582 
9.74272 0.04000 0.1020452096 0.1109371528 
9.74351 0.04000 0.1018342034 0.1107244441 
9.74429 0.04000 0.1016236115 0.1105121530 
9.74507 0.04000 0.1014133549 0.1103001999 
9.74585 0.04000 0.1012035136 0.1100886655 
9.74663 0.04000 0.1009940487 0.1098775105 
9.74741 0.04000 0.1007849607 0.1096667354 
9.74819 0.04000 0.1005762501 0.1094563409 
9.74896 0.04000 0.1003678776 0.1092462871 
9.74974 0.04000 0.1001599238 0.1090366554 
9.75051 0.04000 0.0999523092 0.1088273656 
9.75128 0.04000 0.0997450744 0.1086184588 
9.75205 0.04000 0.0995382201 0.1084099354 
9.75282 0.04000 0.0993317067 0.1082017557 
9.75358 0.04000 0.0991255749 0.1079939607 
9.75435 0.04000 0.0989198252 0.1077865510 
9.75511 0.04000 0.0987144183 0.1075794867 
9.75587 0.04000 0.0985093545 0.1073727683 
9.75663 0.04000 0.0983046746 0.1071664370 
9.75739 0.04000 0.0981003390 0.1069604527 
9.75815 0.04000 0.0978963483 0.1067548161 
9.75891 0.04000 0.0976927432 0.1065495681 
9.75967 0.04000 0.0974894840 0.1063446689 
9.76042 0.04000 0.0972866115 0.1061401596 
9.76117 0.04000 0.0970840459 0.1059359595 
9.76193 0.04000 0.0968818278 0.1057321099 
9.76268 0.04000 0.0966799579 0.1055286111 
9.76343 0.04000 0.0970314161 0.1053255044 
9.76418 0.04000 0.0968296182 0.1051221808 
9.76492 0.04000 0.0966287346 0.1049197785 
9.76567 0.04000 0.0964281611 0.1047176885 
9.76641 0.04000 0.0962279386 0.1045159522 
9.76716 0.04000 0.0960280675 0.1043145700 
9.76790 0.04000 0.0958285485 0.1041135425 
9.76864 0.04000 0.0956293415 0.1039128294 
9.76938 0.04000 0.0954309732 0.1037129614 
9.77011 0.04000 0.0952330803 0.1035135724 
9.77085 0.04000 0.0950355422 0.1033145407 
9.77159 0.04000 0.0942864849 0.1031158261 
9.77232 0.04000 0.0940897163 0.1029174699 
9.77305 0.04000 0.0938932631 0.1027194317 
9.77379 0.04000 0.0936971666 0.1025217529 
9.77452 0.04000 0.0935013459 0.1023243522 
9.77525 0.04000 0.0933059233 0.1021273528 
9.77597 0.04000 0.0931108181 0.1019306735 
9.77670 0.04000 0.0929159903 0.1017342736 
9.77743 0.04000 0.0927215215 0.1015382357 
9.77815 0.04000 0.0925273715 0.1013425192 
9.77887 0.04000 0.0923335409 0.1011471247 
9.77960 0.04000 0.0921399893 0.1009520114 
9.78032 0.04000 0.0919466766 0.1007571389 
9.78104 0.04000 0.0917537253 0.1005626308 
9.78175 0.04000 0.0915610543 0.1003684052 
9.78247 0.04000 0.0913687457 0.1001745450 
9.78319 0.04000 0.0911766776 0.0999809271 
9.78390 0.04000 0.0909850136 0.0997877166 
9.78462 0.04000 0.0907904468 0.0995915800 
9.78533 0.04000 0.0905850071 0.0993844827 
9.78604 0.04000 0.0903798781 0.0991776986 
9.78675 0.04000 0.0901751013 0.0989712695 
9.78746 0.04000 0.0899706771 0.0987651959 
9.78817 0.04000 0.0897665651 0.0985594371 
9.78887 0.04000 0.0895628068 0.0983540347 
9.78958 0.04000 0.0893594028 0.0981489895 
9.79028 0.04000 0.0891562306 0.0979441780 
9.79099 0.04000 0.0889534957 0.0977398073 
9.79169 0.04000 0.0887510345 0.0975357126 
9.79239 0.04000 0.0885489297 0.0973319770 
9.79309 0.04000 0.0883466068 0.0971280217 
9.79379 0.04000 0.0881451338 0.0969249231 
9.79449 0.04000 0.0879439776 0.0967221438 
9.79518 0.04000 0.0877431386 0.0965196843 
9.79588 0.04000 0.0875426997 0.0963176281 
9.79657 0.04000 0.0873424555 0.0961157684 
9.79727 0.04000 0.0871426125 0.0959143128 
9.79796 0.04000 0.0869430887 0.0957131792 
9.79865 0.04000 0.0867438846 0.0955123678 
9.79934 0.04000 0.0865449596 0.0953118377 
9.80003 0.04000 0.0863463552 0.0951116308 
9.80072 0.04000 0.0861481132 0.0949117893 
9.80140 0.04000 0.0859501516 0.0947122305 
9.80209 0.04000 0.0857524708 0.0945129547 
9.80277 0.04000 0.0855551539 0.0943140458 
9.80346 0.04000 0.0853581188 0.0941154208 
9.80414 0.04000 0.0851614072 0.0939171221 
9.80482 0.04000 0.0849650197 0.0937191500 
9.80550 0.04000 0.0847689153 0.0935214633 
9.80618 0.04000 0.0845730944 0.0933240624 
9.80686 0.04000 0.0843775989 0.0931269895 
9.80753 0.04000 0.0841824293 0.0929302452 
9.80821 0.04000 0.0839875446 0.0927337880 
9.80888 0.04000 0.0837929867 0.0925376603 
9.80956 0.04000 0.0835987561 0.0923418626 
9.81023 0.04000 0.0834047703 0.0921463115 
9.81090 0.04000 0.0832110710 0.0919510494 
9.81157 0.04000 0.0830177420 0.0917561605 
9.81224 0.04000 0.0828246173 0.0915614776 
9.81291 0.04000 0.0826319054 0.0913672108 
9.81358 0.04000 0.0824393987 0.0911731508 
9.81425 0.04000 0.0822472225 0.0909794240 
9.81491 0.04000 0.0820553355 0.0907859887 
9.81558 0.04000 0.0818637798 0.0905928875 
9.81624 0.04000 0.0816724310 0.0903999947 
9.81690 0.04000 0.0814814143 0.0902074368 
9.81756 0.04000 0.0812907303 0.0900152143 
9.81822 0.04000 0.0811002960 0.0898232435 
9.81888 0.04000 0.0809101535 0.0896315668 
9.81954 0.04000 0.0807203033 0.0894401847 
9.82020 0.04000 0.0805302857 0.0892486339 
9.82086 0.04000 0.0803410210 0.0890578421 
9.82151 0.04000 0.0801520079 0.0888673040 
9.82217 0.04000 0.0799633306 0.0886771043 
9.82282 0.04000 0.0797749057 0.0884871591 
9.82347 0.04000 0.0795867756 0.0882975111 
9.82413 0.04000 0.0793988987 0.0881081183 
9.82478 0.04000 0.0792113593 0.0879190657 
9.82543 0.04000 0.0795681692 0.0877302269 
9.82607 0.04000 0.0793810859 0.0875417292 
9.82672 0.04000 0.0792030819 0.0873623794 
9.82737 0.04000 0.0790285776 0.0871865558 
9.82801 0.04000 0.0788543811 0.0870110423 
9.82866 0.04000 0.0786804087 0.0868357545 
9.82930 0.04000 0.0785066606 0.0866606928 
9.82995 0.04000 0.0783332635 0.0864859848 
9.83059 0.04000 0.0781600494 0.0863114611 
9.83123 0.04000 0.0779871028 0.0861372069 
9.83187 0.04000 0.0778144662 0.0859632650 
9.83251 0.04000 0.0776420134 0.0857895084 
9.83315 0.04000 0.0774698713 0.0856160649 
9.83378 0.04000 0.0772979137 0.0854428072 
9.83442 0.04000 0.0771262674 0.0852698632 
9.83506 0.04000 0.0769548062 0.0850971057 
9.83569 0.04000 0.0767772340 0.0849181909 
9.83632 0.04000 0.0765952342 0.0847348151 
9.83696 0.04000 0.0764135382 0.0845517454 
9.83759 0.04000 0.0762321464 0.0843689822 
9.83822 0.04000 0.0760509745 0.0841864406 
9.83885 0.04000 0.0753277920 0.0840041635 
9.83948 0.04000 0.0751472791 0.0838221941 
9.84010 0.04000 0.0749669870 0.0836404473 
9.84073 0.04000 0.0747870008 0.0834590089 
9.84136 0.04000 0.0746071938 0.0832777511 
9.84198 0.04000 0.0744277359 0.0830968452 
9.84261 0.04000 0.0742484577 0.0829161205 
9.84323 0.04000 0.0740695295 0.0827357486 
9.84385 0.04000 0.0738907817 0.0825555585 
9.84448 0.04000 0.0737123420 0.0823756791 
9.84510 0.04000 0.0735341259 0.0821960251 
9.84572 0.04000 0.0733557085 0.0820161681 
9.84634 0.04000 0.0731779829 0.0818370084 
9.84696 0.04000 0.0729968646 0.0816544288 
9.84757 0.04000 0.0728045585 0.0814605711 
9.84819 0.04000 0.0726125499 0.0812670132 
9.84880 0.04000 0.0724207539 0.0810736697 
9.84942 0.04000 0.0722292562 0.0808806269 
9.85003 0.04000 0.0720380145 0.0806878421 
9.85065 0.04000 0.0718470719 0.0804953589 
9.85126 0.04000 0.0716563862 0.0803031346 
9.85187 0.04000 0.0714659576 0.0801111696 
9.85248 0.04000 0.0712758294 0.0799195073 
9.85309 0.04000 0.0710859592 0.0797281051 
9.85370 0.04000 0.0708963473 0.0795369634 
9.85431 0.04000 0.0707069943 0.0793460825 
9.85491 0.04000 0.0705179004 0.0791554628 
9.85552 0.04000 0.0703290660 0.0789651049 
9.85612 0.04000 0.0701404915 0.0787750088 
9.85673 0.04000 0.0699522201 0.0785852184 
9.85733 0.04000 0.0697641666 0.0783956475 
9.85793 0.04000 0.0695764169 0.0782063830 
9.85854 0.04000 0.0693889288 0.0780173821 
9.85914 0.04000 0.0692016595 0.0778286018 
9.85974 0.04000 0.0690146953 0.0776401291 
9.86034 0.04000 0.0688279508 0.0774518778 
9.86094 0.04000 0.0686414261 0.0772638481 
9.86153 0.04000 0.0684552508 0.0770761706 
9.86213 0.04000 0.0682692961 0.0768887155 
9.86273 0.04000 0.0680835194 0.0767014399 
9.86332 0.04000 0.0678981362 0.0765145609 
9.86392 0.04000 0.0677128886 0.0763278186 
9.86451 0.04000 0.0675279492 0.0761413870 
9.86510 0.04000 0.0673432753 0.0759552230 
9.86569 0.04000 0.0671588242 0.0757692837 
9.86629 0.04000 0.0669746392 0.0755836126 
9.86688 0.04000 0.0667907210 0.0753982104 
9.86747 0.04000 0.0666070264 0.0752130337 
9.86805 0.04000 0.0664235560 0.0750280830 
9.86864 0.04000 0.0662403965 0.0748434456 
9.86923 0.04000 0.0660574618 0.0746590348 
9.86982 0.04000 0.0658742763 0.0744743713 
9.87040 0.04000 0.0656918353 0.0742904583 
9.87099 0.04000 0.0655096201 0.0741067728 
9.87157 0.04000 0.0653277176 0.0739234027 
9.87216 0.04000 0.0651459984 0.0737402172 
9.87274 0.04000 0.0649645059 0.0735572604 
9.87332 0.04000 0.0647832840 0.0733745762 
9.87390 0.04000 0.0646022895 0.0731921214 
9.87448 0.04000 0.0644215663 0.0730099400 
9.87506 0.04000 0.0642410712 0.0728279886 
9.87564 0.04000 0.0640608046 0.0726462674 
9.87622 0.04000 0.0638807667 0.0724647770 
9.87679 0.04000 0.0637010015 0.0722835613 
9.87737 0.04000 0.0635214658 0.0721025770 
9.87795 0.04000 0.0633422033 0.0719218681 
9.87852 0.04000 0.0631631275 0.0717413474 
9.87910 0.04000 0.0629842821 0.0715610589 
9.87967 0.04000 0.0628056674 0.0713810031 
9.88024 0.04000 0.0626273709 0.0712012680 
9.88081 0.04000 0.0624408456 0.0710132377 
9.88138 0.04000 0.0622436810 0.0708144823 
9.88195 0.04000 0.0620467754 0.0706159879 
9.88252 0.04000 0.0618500854 0.0704177109 
9.88309 0.04000 0.0616536988 0.0702197397 
9.88366 0.04000 0.0614575722 0.0700220307 
9.88423 0.04000 0.0617968424 0.0698245403 
9.88479 0.04000 0.0616011386 0.0696273569 
9.88536 0.04000 0.0603357309 0.0694304370 
9.88593 0.04000 0.0601406597 0.0692336926 
9.88649 0.04000 0.0599459379 0.0690373006 
9.88705 0.04000 0.0597513908 0.0688410849 
9.88762 0.04000 0.0595688519 0.0686569803 
9.88818 0.04000 0.0593941713 0.0684808014 
9.88874 0.04000 0.0592196391 0.0683047723 
9.88930 0.04000 0.0590453433 0.0681289814 
9.88986 0.04000 0.0588712842 0.0679534294 
9.89042 0.04000 0.0586974621 0.0677781164 
9.89098 0.04000 0.0590579459 0.0676030428 
9.89154 0.04000 0.0588844673 0.0674281645 
9.89209 0.04000 0.0587112268 0.0672535262 
9.89265 0.04000 0.0585377405 0.0670786401 
9.89321 0.04000 0.0583649329 0.0669044381 
9.89376 0.04000 0.0581923201 0.0667304326 
9.89432 0.04000 0.0580199465 0.0665566682 
9.89487 0.04000 0.0578478566 0.0663831898 
9.89542 0.04000 0.0576759184 0.0662098643 
9.89597 0.04000 0.0575042203 0.0660367808 
9.89653 0.04000 0.0573327186 0.0658638953 
9.89708 0.04000 0.0571614576 0.0656912525 
9.89763 0.04000 0.0569903935 0.0655188081 
9.89818 0.04000 0.0568195265 0.0653465625 
9.89872 0.04000 0.0566489453 0.0651746050 
9.89927 0.04000 0.0564785619 0.0650028469 
9.89982 0.04000 0.0568410142 0.0648312437 
9.90037 0.04000 0.0566709414 0.0646598850 
9.90091 0.04000 0.0565011114 0.0644887710 
9.90146 0.04000 0.0563315247 0.0643179021 
9.90200 0.04000 0.0561620485 0.0641471446 
9.90255 0.04000 0.0559928604 0.0639766774 
9.90309 0.04000 0.0558238721 0.0638064115 
9.90363 0.04000 0.0556550838 0.0636363470 
9.90417 0.04000 0.0554864957 0.0634664843 
9.90471 0.04000 0.0553181082 0.0632968237 
9.90526 0.04000 0.0551500103 0.0631274549 
9.90580 0.04000 0.0549820246 0.0629581992 
9.90633 0.04000 0.0548143292 0.0627892359 
9.90687 0.04000 0.0546559545 0.0626296638 
9.90741 0.04000 0.0545187917 0.0624914640 
9.90795 0.04000 0.0543818078 0.0623534444 
9.90848 0.04000 0.0542450030 0.0622156054 
9.90902 0.04000 0.0541083775 0.0620779469 
9.90955 0.04000 0.0539718868 0.0619404243 
9.91009 0.04000 0.0538356204 0.0618031276 
9.91062 0.04000 0.0536994446 0.0616659222 
9.91116 0.04000 0.0535634487 0.0615288982 
9.91169 0.04000 0.0534276776 0.0613921005 
9.91222 0.04000 0.0532920868 0.0612554846 
9.91275 0.04000 0.0531565872 0.0611189606 
9.91328 0.04000 0.0530212683 0.0609826187 
9.91381 0.04000 0.0528861749 0.0608465039 
9.91434 0.04000 0.0527508605 0.0607101664 
9.91487 0.04000 0.0526160399 0.0605743265 
9.91540 0.04000 0.0524814006 0.0604386693 
9.91593 0.04000 0.0523469429 0.0603031950 
9.91645 0.04000 0.0522125774 0.0601678136 
9.91698 0.04000 0.0520784833 0.0600327057 
9.91751 0.04000 0.0519444817 0.0598976910 
9.91803 0.04000 0.0518106176 0.0597628148 
9.91855 0.04000 0.0522070597 0.0596281674 
9.91908 0.04000 0.0520734484 0.0594936138 
9.91960 0.04000 0.0519400648 0.0593592894 
9.92012 0.04000 0.0518067744 0.0592250589 
9.92064 0.04000 0.0516737569 0.0590911033 
9.92117 0.04000 0.0515407881 0.0589571967 
9.92169 0.04000 0.0514080477 0.0588235201 
9.92221 0.04000 0.0512754012 0.0586899380 
9.92272 0.04000 0.0511429385 0.0585565411 
9.92324 0.04000 0.0510106598 0.0584233294 
9.92376 0.04000 0.0508785203 0.0582902579 
9.92428 0.04000 0.0507465651 0.0581573721 
9.92480 0.04000 0.0506147494 0.0580246268 
9.92531 0.04000 0.0504830735 0.0578920221 
9.92583 0.04000 0.0503515823 0.0577596036 
9.92634 0.04000 0.0502201861 0.0576272807 
9.92686 0.04000 0.0500890201 0.0574951895 
9.92737 0.04000 0.0499579493 0.0573631943 
9.92788 0.04000 0.0498270640 0.0572313858 
9.92839 0.04000 0.0496963643 0.0570997644 
9.92891 0.04000 0.0495657603 0.0569682392 
9.92942 0.04000 0.0494353422 0.0568369013 
9.92993 0.04000 0.0493050651 0.0567057054 
9.93044 0.04000 0.0491749292 0.0565746516 
9.93095 0.04000 0.0490450248 0.0564438310 
9.93146 0.04000 0.0489151716 0.0563130620 
9.93196 0.04000 0.0487855052 0.0561824811 
9.93247 0.04000 0.0486560257 0.0560520884 
9.93298 0.04000 0.0485266429 0.0559217930 
9.93349 0.04000 0.0483974474 0.0557916863 
9.93399 0.04000 0.0482683940 0.0556617227 
9.93450 0.04000 0.0481394829 0.0555319024 
9.93500 0.04000 0.0480103976 0.0554019067 
9.93551 0.04000 0.0478817262 0.0552723278 
9.93601 0.04000 0.0477531976 0.0551428927 
9.93651 0.04000 0.0476248571 0.0550136470 
9.93702 0.04000 0.0474966143 0.0548844997 
9.93752 0.04000 0.0473685599 0.0547555422 
9.93802 0.04000 0.0472406036 0.0546266834 
9.93852 0.04000 0.0471128360 0.0544980147 
9.93902 0.04000 0.0469852120 0.0543694905 
9.93952 0.04000 0.0468577316 0.0542411111 
9.94002 0.04000 0.0467303952 0.0541128765 
9.94052 0.04000 0.0466032027 0.0539847870 
9.94102 0.04000 0.0464761089 0.0538567969 
9.94151 0.04000 0.0463474786 0.0537272593 
9.94201 0.04000 0.0462189008 0.0535977747 
9.94251 0.04000 0.0460904210 0.0534683887 
9.94300 0.04000 0.0459621302 0.0533391931 
9.94350 0.04000 0.0458339832 0.0532101423 
9.94399 0.04000 0.0457059801 0.0530812364 
9.94449 0.04000 0.0455781210 0.0529524756 
9.94498 0.04000 0.0454504061 0.0528238599 
9.94547 0.04000 0.0453228355 0.0526953895 
9.94597 0.04000 0.0451954093 0.0525670646 
9.94646 0.04000 0.0450681278 0.0524388854 
9.94695 0.04000 0.0449409909 0.0523108518 
9.94744 0.04000 0.0448139989 0.0521829642 
9.94793 0.04000 0.0446871519 0.0520552225 
9.94842 0.04000 0.0445618642 0.0519290511 
9.94891 0.04000 0.0444373157 0.0518036242 
9.94940 0.04000 0.0443129138 0.0516783449 
9.94988 0.04000 0.0441886130 0.0515531674 
9.95037 0.04000 0.0440644590 0.0514281378 
9.95086 0.04000 0.0439404063 0.0513032102 
9.95134 0.04000 0.0438165920 0.0511785227 
9.95183 0.04000 0.0436928794 0.0510539375 
9.95232 0.04000 0.0435692684 0.0509294547 
9.95280 0.04000 0.0434458049 0.0508051204 
9.95328 0.04000 0.0433225348 0.0506809809 
9.95377 0.04000 0.0431993667 0.0505569441 
9.95429 0.04000 0.0430763007 0.0504330101 
9.95477 0.04000 0.0429433555 0.0502991273 
9.95526 0.04000 0.0428205829 0.0501754887 
9.95574 0.04000 0.0426979585 0.0500519995 
9.95622 0.04000 0.0425755284 0.0499287059 
9.95670 0.04000 0.0424531552 0.0498054696 
9.95718 0.04000 0.0423309307 0.0496823831 
9.95766 0.04000 0.0422088550 0.0495594464 
9.95814 0.04000 0.0420869741 0.0494367059 
9.95861 0.04000 0.0419651046 0.0493139769 
9.95909 0.04000 0.0418434761 0.0491914906 
9.95957 0.04000 0.0417219052 0.0490690622 
9.96005 0.04000 0.0416005296 0.0489468306 
9.96052 0.04000 0.0414792577 0.0488247033 
9.96100 0.04000 0.0413581355 0.0487027269 
9.96147 0.04000 0.0412371171 0.0485808550 
9.96195 0.04000 0.0411162028 0.0484590878 
9.96242 0.04000 0.0409955304 0.0483375644 
9.96289 0.04000 0.0413992406 0.0482160533 
9.96337 0.04000 0.0412787161 0.0480947400 
9.96384 0.04000 0.0411583422 0.0479735781 
9.96431 0.04000 0.0410380269 0.0478524752 
9.96478 0.04000 0.0409179084 0.0477315705 
9.96525 0.04000 0.0407978948 0.0476107712 
9.96572 0.04000 0.0406780321 0.0474901240 
9.96619 0.04000 0.0405582746 0.0473695825 
9.96666 0.04000 0.0399147357 0.0472491469 
9.96713 0.04000 0.0397952948 0.0471288636 
9.96760 0.04000 0.0396760054 0.0470087329 
9.96807 0.04000 0.0395568214 0.0468887083 
9.96854 0.04000 0.0394377430 0.0467687900 
9.96900 0.04000 0.0393188626 0.0466490712 
9.96947 0.04000 0.0392000417 0.0465294123 
9.96994 0.04000 0.0390813729 0.0464099065 
9.97040 0.04000 0.0389628563 0.0462905540 
9.97087 0.04000 0.0388444457 0.0461713083 
9.97133 0.04000 0.0387261414 0.0460521696 
9.97179 0.04000 0.0386079896 0.0459331845 
9.97226 0.04000 0.0384899442 0.0458143065 
9.97272 0.04000 0.0383720516 0.0456955824 
9.97322 0.04000 0.0382542656 0.0455769657 
9.97368 0.04000 0.0381269558 0.0454487580 
9.97414 0.04000 0.0380094270 0.0453304003 
9.97460 0.04000 0.0378920052 0.0452121503 
9.97506 0.04000 0.0377747831 0.0450941014 
9.97552 0.04000 0.0376576218 0.0449761138 
9.97598 0.04000 0.0375406142 0.0448582810 
9.97644 0.04000 0.0374237139 0.0447405562 
9.97690 0.04000 0.0373069675 0.0446229864 
9.97736 0.04000 0.0371902822 0.0445054782 
9.97782 0.04000 0.0370737511 0.0443881251 
9.97827 0.04000 0.0369573741 0.0442709274 
9.97873 0.04000 0.0368410587 0.0441537916 
9.97919 0.04000 0.0367249441 0.0440368580 
9.97964 0.04000 0.0366088911 0.0439199866 
9.98010 0.04000 0.0364929929 0.0438032709 
9.98055 0.04000 0.0363771564 0.0436866175 
9.98101 0.04000 0.0362614749 0.0435701200 
9.98146 0.04000 0.0361459018 0.0434537318 
9.98191 0.04000 0.0360304839 0.0433374999 
9.98237 0.04000 0.0359151746 0.0432213774 
9.98282 0.04000 0.0357999742 0.0431053645 
9.98327 0.04000 0.0356797141 0.0429842562 
9.98372 0.04000 0.0355537379 0.0428573915 
9.98417 0.04000 0.0354279112 0.0427306774 
9.98462 0.04000 0.0353022343 0.0426041140 
9.98507 0.04000 0.0351767072 0.0424777016 
9.98552 0.04000 0.0350512368 0.0423513462 
9.98597 0.04000 0.0349259631 0.0422251890 
9.98642 0.04000 0.0348007930 0.0420991361 
9.98687 0.04000 0.0346757265 0.0419731876 
9.98731 0.04000 0.0345508572 0.0418474376 
9.98776 0.04000 0.0344260452 0.0417217453 
9.98821 0.04000 0.0343013839 0.0415962047 
9.98865 0.04000 0.0341768734 0.0414708161 
9.98910 0.04000 0.0340524672 0.0413455325 
9.98955 0.04000 0.0339281654 0.0412203540 
9.98999 0.04000 0.0338040616 0.0410953749 
9.99044 0.04000 0.0336800156 0.0409704540 
9.99088 0.04000 0.0335561679 0.0408457328 
9.99136 0.04000 0.0334323782 0.0407210700 
9.99180 0.04000 0.0332986267 0.0405863752 
9.99224 0.04000 0.0331751377 0.0404620153 
9.99269 0.04000 0.0330517540 0.0403377613 
9.99313 0.04000 0.0329285224 0.0402136606 
9.99357 0.04000 0.0328053961 0.0400896659 
9.99401 0.04000 0.0326823755 0.0399657776 
9.99445 0.04000 0.0325595072 0.0398420428 
9.99489 0.04000 0.0324367448 0.0397184145 
9.99533 0.04000 0.0323141351 0.0395949400 
9.99577 0.04000 0.0321916313 0.0394715723 
9.99621 0.04000 0.0320692806 0.0393483586 
9.99665 0.04000 0.0319470360 0.0392252519 
9.99708 0.04000 0.0318248978 0.0391022522 
9.99752 0.04000 0.0317028659 0.0389793597 
9.99796 0.04000 0.0315809875 0.0388566217 
9.99839 0.04000 0.0314592158 0.0387339911 
9.99883 0.04000 0.0313375978 0.0386115154 
9.99926 0.04000 0.0312160866 0.0384891472 
9.99970 0.04000 0.0310946824 0.0383668867 
10.00013 0.04000 0.0309734323 0.0382447814 
10.00057 0.04000 0.0308522422 0.0381227366 
10.00100 0.04000 0.0307312065 0.0380008473 
10.00144 0.04000 0.0306103253 0.0378791135 
10.00187 0.04000 0.0304895516 0.0377574880 
10.00230 0.04000 0.0303688855 0.0376359708 
10.00273 0.04000 0.0302482799 0.0375145146 
10.00316 0.04000 0.0301278764 0.0373932619 
10.00360 0.04000 0.0300075808 0.0372721179 
10.00403 0.04000 0.0298873933 0.0371510827 
10.00446 0.04000 0.0297673139 0.0370301564 
10.00489 0.04000 0.0296473899 0.0369093866 
10.00532 0.04000 0.0295275742 0.0367887259 
10.00574 0.04000 0.0294078670 0.0366681744 
10.00617 0.04000 0.0292882211 0.0365476846 
10.00660 0.04000 0.0291687311 0.0364273519 
10.00703 0.04000 0.0290493498 0.0363071286 
10.00746 0.04000 0.0289301719 0.0361871102 
10.00788 0.04000 0.0288110084 0.0360671062 
10.00831 0.04000 0.0286923799 0.0359476410 
10.00877 0.04000 0.0285792573 0.0358337206 
10.00920 0.04000 0.0284570137 0.0357106148 
10.00962 0.04000 0.0283441136 0.0355969184 
10.01005 0.04000 0.0282313733 0.0354833830 
10.01047 0.04000 0.0281187458 0.0353699611 
10.01089 0.04000 0.0280061836 0.0352566050 
10.01132 0.04000 0.0278937817 0.0351434104 
10.01174 0.04000 0.0277814453 0.0350302817 
10.01216 0.04000 0.0276692694 0.0349173147 
10.01259 0.04000 0.0275571593 0.0348044138 
10.01301 0.04000 0.0274451624 0.0346916270 
10.01343 0.04000 0.0273333263 0.0345790021 
10.01385 0.04000 0.0272215086 0.0344663958 
10.01427 0.04000 0.0271074770 0.0343515599 
10.01469 0.04000 0.0269905169 0.0342337750 
10.01511 0.04000 0.0268736202 0.0341160538 
10.01553 0.04000 0.0267568820 0.0339984922 
10.01595 0.04000 0.0266402548 0.0338810424 
10.01637 0.04000 0.0265237387 0.0337637046 
10.01679 0.04000 0.0264073338 0.0336464788 
10.01720 0.04000 0.0262910404 0.0335293651 
10.01762 0.04000 0.0261748583 0.0334123636 
10.01804 0.04000 0.0260587878 0.0332954745 
10.01846 0.04000 0.0259427813 0.0331786497 
10.01887 0.04000 0.0258269817 0.0330620335 
10.01929 0.04000 0.0257112465 0.0329454819 
10.01970 0.04000 0.0255955754 0.0328289951 
10.02012 0.04000 0.0254800640 0.0327126690 
10.02053 0.04000 0.0253646648 0.0325964559 
10.02095 0.04000 0.0252493778 0.0324803558 
10.02136 0.04000 0.0251342031 0.0323643688 
10.02177 0.04000 0.0250190931 0.0322484469 
10.02219 0.04000 0.0249041434 0.0321326864 
10.02260 0.04000 0.0247892585 0.0320169913 
10.02301 0.04000 0.0246745340 0.0319014577 
10.02342 0.04000 0.0245598746 0.0317859896 
10.02384 0.04000 0.0244453759 0.0316706834 
10.02425 0.04000 0.0243309424 0.0315554428 
10.02466 0.04000 0.0242166220 0.0314403161 
10.02507 0.04000 0.0241024148 0.0313253033 
10.02551 0.04000 0.0239883208 0.0312104047 
10.02592 0.04000 0.0238650080 0.0310862221 
10.02633 0.04000 0.0237510905 0.0309715012 
10.02674 0.04000 0.0236373346 0.0308569430 
10.02715 0.04000 0.0235236922 0.0307424991 
10.02755 0.04000 0.0234101157 0.0306281216 
10.02796 0.04000 0.0232966531 0.0305138587 
10.02837 0.04000 0.0231833523 0.0303997589 
10.02878 0.04000 0.0230701177 0.0302857256 
10.02918 0.04000 0.0229569972 0.0301718073 
10.02959 0.04000 0.0228439430 0.0300579557 
10.02999 0.04000 0.0227310510 0.0299442675 
10.03040 0.04000 0.0226182255 0.0298306463 
10.03080 0.04000 0.0225055145 0.0297171403 
10.03121 0.04000 0.0223929181 0.0296037498 
10.03161 0.04000 0.0222803884 0.0294904264 
10.03202 0.04000 0.0221680215 0.0293772670 
10.03242 0.04000 0.0220557214 0.0292641748 
10.03282 0.04000 0.0219435362 0.0291511985 
10.03323 0.04000 0.0218314662 0.0290383380 
10.03363 0.04000 0.0217194632 0.0289255450 
10.03403 0.04000 0.0216076235 0.0288129166 
10.03443 0.04000 0.0214958511 0.0287003558 
10.03483 0.04000 0.0213841941 0.0285879113 
10.03523 0.04000 0.0212726526 0.0284755831 
10.03563 0.04000 0.0211611304 0.0283632744 
10.03603 0.04000 0.0210498202 0.0282511792 
10.03643 0.04000 0.0209385777 0.0281391520 
10.03683 0.04000 0.0208274028 0.0280271931 
10.03723 0.04000 0.0212305587 0.0279153509 
10.03763 0.04000 0.0206054011 0.0278036256 
10.03803 0.04000 0.0210086775 0.0276920173 
10.03843 0.04000 0.0208978630 0.0275804774 
10.03882 0.04000 0.0202731734 0.0274690547 
10.03922 0.04000 0.0201626475 0.0273577493 
10.03962 0.04000 0.0205660699 0.0272465125 
10.04002 0.04000 0.0204557216 0.0271354418 
10.04041 0.04000 0.0203453933 0.0270243913 
10.04081 0.04000 0.0202351818 0.0269134584 
10.04120 0.04000 0.0196114775 0.0268026919 
10.04163 0.04000 0.0195015069 0.0266919458 
10.04202 0.04000 0.0198962018 0.0265722596 
10.04242 0.04000 0.0197864079 0.0264617469 
10.04281 0.04000 0.0196767313 0.0263513524 
10.04321 0.04000 0.0195671720 0.0262410759 
10.04360 0.04000 0.0194576333 0.0261308202 
10.04399 0.04000 0.0193482606 0.0260207316 
10.04438 0.04000 0.0192390055 0.0259107613 
10.04478 0.04000 0.0191297712 0.0258008120 
10.04517 0.04000 0.0190207032 0.0256910300 
10.04556 0.04000 0.0189117045 0.0255813179 
10.04595 0.04000 0.0188028239 0.0254717245 
10.04634 0.04000 0.0186940128 0.0253622012 
10.04673 0.04000 0.0185853199 0.0252527968 
10.04712 0.04000 0.0184766966 0.0251434625 
10.04751 0.04000 0.0183682402 0.0250342961 
10.04790 0.04000 0.0182598537 0.0249252001 
10.04829 0.04000 0.0181515371 0.0248161745 
10.04868 0.04000 0.0180432904 0.0247072193 
10.04907 0.04000 0.0179352111 0.0245984325 
10.04945 0.04000 0.0178272019 0.0244897163 
10.04984 0.04000 0.0177192142 0.0243810218 
10.05023 0.04000 0.0176114427 0.0242725448 
10.05062 0.04000 0.0175036930 0.0241640898 
10.05100 0.04000 0.0173960623 0.0240557546 
10.05139 0.04000 0.0172885508 0.0239475393 
10.05177 0.04000 0.0171811099 0.0238393951 
10.05216 0.04000 0.0170737396 0.0237313220 
10.05254 0.04000 0.0169664887 0.0236233691 
10.05293 0.04000 0.0168593087 0.0235154874 
10.05331 0.04000 0.0167522969 0.0234077752 
10.05370 0.04000 0.0166453073 0.0233000853 
10.05408 0.04000 0.0165384375 0.0231925159 
10.05447 0.04000 0.0164316875 0.0230850671 
10.05485 0.04000 0.0163250087 0.0229776900 
10.05523 0.04000 0.0162184010 0.0228703845 
10.05561 0.04000 0.0161119135 0.0227631999 
10.05600 0.04000 0.0160054485 0.0226560380 
10.05638 0.04000 0.0158977363 0.0225476208 
10.05676 0.04000 0.0157899973 0.0224391766 
10.05717 0.04000 0.0156824269 0.0223309020 
10.05755 0.04000 0.0155661307 0.0222138445 
10.05793 0.04000 0.0154587488 0.0221057597 
10.05831 0.04000 0.0153514868 0.0219977957 
10.05869 0.04000 0.0152442960 0.0218899032 
10.05907 0.04000 0.0151371764 0.0217820824 
10.05945 0.04000 0.0150301770 0.0216743826 
10.05983 0.04000 0.0149232489 0.0215667546 
10.06021 0.04000 0.0148163923 0.0214591984 
10.06059 0.04000 0.0147097050 0.0213518128 
10.06096 0.04000 0.0146030893 0.0212444992 
10.06134 0.04000 0.0144964962 0.0211372084 
10.06172 0.04000 0.0143900728 0.0210300884 
10.06210 0.04000 0.0142837213 0.0209230407 
10.06247 0.04000 0.0141774415 0.0208160652 
10.06285 0.04000 0.0140712827 0.0207092115 
10.06322 0.04000 0.0139651958 0.0206024302 
10.06360 0.04000 0.0138592301 0.0204957709 
10.06397 0.04000 0.0137532874 0.0203891347 
10.06435 0.04000 0.0136475150 0.0202826699 
10.06472 0.04000 0.0135418149 0.0201762779 
10.06510 0.04000 0.0134361380 0.0200699093 
10.06547 0.04000 0.0133306317 0.0199637124 
10.06584 0.04000 0.0132251979 0.0198575884 
10.06622 0.04000 0.0131198366 0.0197515375 
10.06659 0.04000 0.0130145479 0.0196455596 
10.06696 0.04000 0.0129093810 0.0195397042 
10.06734 0.04000 0.0128042869 0.0194339222 
10.06771 0.04000 0.0126993147 0.0193282629 
10.06808 0.04000 0.0125944154 0.0192226769 
10.06845 0.04000 0.0124895890 0.0191171644 
10.06882 0.04000 0.0123848849 0.0190117749 
10.06919 0.04000 0.0122803031 0.0189065085 
10.06956 0.04000 0.0121757451 0.0188012661 
10.06993 0.04000 0.0120712604 0.0186960974 
10.07030 0.04000 0.0119668982 0.0185910521 
10.07067 0.04000 0.0118626586 0.0184861302 
10.07104 0.04000 0.0117584431 0.0183812326 
10.07141 0.04000 0.0116543011 0.0182764089 
10.07178 0.04000 0.0115503313 0.0181717584 
10.07218 0.04000 0.0114463857 0.0180671325 
10.07254 0.04000 0.0113340253 0.0179540365 
10.07291 0.04000 0.0112303238 0.0178496562 
10.07328 0.04000 0.0111266467 0.0177453005 
10.07365 0.04000 0.0110230929 0.0176410689 
10.07401 0.04000 0.0109196131 0.0175369116 
10.07438 0.04000 0.0108162072 0.0174328289 
10.07474 0.04000 0.0107129248 0.0173288704 
10.07511 0.04000 0.0106097165 0.0172249866 
10.07548 0.04000 0.0105065825 0.0171211774 
10.07584 0.04000 0.0104073805 0.0170213260 
10.07621 0.04000 0.0103088977 0.0169221986 
10.07657 0.04000 0.0102104913 0.0168231481 
10.07693 0.04000 0.0101122111 0.0167242245 
10.07730 0.04000 0.0100140569 0.0166254279 
10.07766 0.04000 0.0099159299 0.0165266586 
10.07802 0.04000 0.0098178797 0.0164279665 
10.07839 0.04000 0.0097199557 0.0163294016 
10.07875 0.04000 0.0096220591 0.0162308641 
10.07911 0.04000 0.0095242394 0.0161324041 
10.07947 0.04000 0.0094265462 0.0160340714 
10.07984 0.04000 0.0093289301 0.0159358163 
10.08020 0.04000 0.0092313910 0.0158376388 
10.08056 0.04000 0.0091339291 0.0157395390 
10.08092 0.04000 0.0090339645 0.0156389199 
10.08128 0.04000 0.0089324381 0.0155367290 
10.08164 0.04000 0.0088310368 0.0154346640 
10.08200 0.04000 0.0087297110 0.0153326748 
10.08236 0.04000 0.0086284607 0.0152307618 
10.08272 0.04000 0.0085273356 0.0151289748 
10.08308 0.04000 0.0084262366 0.0150272139 
10.08344 0.04000 0.0083252629 0.0149255793 
10.08379 0.04000 0.0082243153 0.0148239709 
10.08415 0.04000 0.0081235429 0.0147225389 
10.08451 0.04000 0.0080227968 0.0146211333 
10.08487 0.04000 0.0079220768 0.0145197541 
10.08523 0.04000 0.0078215324 0.0144185515 
10.08558 0.04000 0.0077210641 0.0143174255 
10.08594 0.04000 0.0076206221 0.0142163261 
10.08629 0.04000 0.0075203062 0.0141153535 
10.08668 0.04000 0.0074118490 0.0140061864 
10.08704 0.04000 0.0073117336 0.0139054157 
10.08739 0.04000 0.0072115949 0.0138046215 
10.08775 0.04000 0.0071116323 0.0137040045 
10.08810 0.04000 0.0070117463 0.0136034646 
10.08846 0.04000 0.0069118869 0.0135029517 
10.08881 0.04000 0.0068121541 0.0134025660 
10.08916 0.04000 0.0067124980 0.0133022576 
10.08952 0.04000 0.0066128688 0.0132019762 
10.08987 0.04000 0.0065133663 0.0131018223 
10.09022 0.04000 0.0064139406 0.0130017459 
10.09058 0.04000 0.0063146418 0.0129017971 
10.09093 0.04000 0.0062153702 0.0128018756 
10.09128 0.04000 0.0061161755 0.0127020317 
10.09163 0.04000 0.0060171080 0.0126023156 
10.09199 0.04000 0.0059180677 0.0125026270 
10.09234 0.04000 0.0058191046 0.0124030161 
10.09269 0.04000 0.0057202688 0.0123035334 
10.09304 0.04000 0.0056214604 0.0122040782 
10.09339 0.04000 0.0055227793 0.0121047512 
10.09374 0.04000 0.0054241258 0.0120054519 
10.09409 0.04000 0.0053256499 0.0119063314 
10.09444 0.04000 0.0052271515 0.0118071883 
10.09479 0.04000 0.0051287808 0.0117081736 
10.09514 0.04000 0.0050304378 0.0116091869 
10.09549 0.04000 0.0049322225 0.0115103287 
10.09584 0.04000 0.0048340852 0.0114115490 
10.09618 0.04000 0.0047359756 0.0113127972 
10.09653 0.04000 0.0046380442 0.0112142248 
10.09688 0.04000 0.0045401408 0.0111156805 
10.09723 0.04000 0.0044423153 0.0110172147 
10.09757 0.04000 0.0043445680 0.0109188276 
10.09792 0.04000 0.0042468990 0.0108205191 
10.09827 0.04000 0.0041492580 0.0107222390 
10.09861 0.04000 0.0040517454 0.0106240881 
10.09896 0.04000 0.0039543112 0.0105260162 
10.09931 0.04000 0.0038569555 0.0104280232 
10.09965 0.04000 0.0037596280 0.0103300586 
10.10000 0.04000 0.0036624292 0.0102322236 
10.10037 0.04000 0.0035653090 0.0101344677 
10.10072 0.04000 0.0034602761 0.0100287472 
10.10106 0.04000 0.0033633618 0.0099311985 
10.10140 0.04000 0.0032664257 0.0098336279 
10.10175 0.04000 0.0031696187 0.0097361872 
10.10209 0.04000 0.0030728906 0.0096388260 
10.10243 0.04000 0.0029761912 0.0095414935 
10.10278 0.04000 0.0028796210 0.0094442912 
10.10312 0.04000 0.0027831299 0.0093471685 
10.10346 0.04000 0.0026866676 0.0092500748 
10.10381 0.04000 0.0025902844 0.0091530607 
10.10415 0.04000 0.0024940308 0.0090561770 
10.10449 0.04000 0.0023978061 0.0089593225 
10.10483 0.04000 0.0023017112 0.0088625985 
10.10517 0.04000 0.0022056452 0.0087659037 
10.10551 0.04000 0.0021096587 0.0086692889 
10.10585 0.04000 0.0020137517 0.0085727541 
10.10619 0.04000 0.0019179243 0.0084762994 
10.10653 0.04000 0.0018221764 0.0083799248 
10.10687 0.04000 0.0017265083 0.0082836304 
10.10721 0.04000 0.0016309198 0.0081874163 
10.10755 0.04000 0.0015353607 0.0080912316 
10.10789 0.04000 0.0014399319 0.0079951782 
10.10823 0.04000 0.0013444820 0.0078991035 
10.10857 0.04000 0.0012492130 0.0078032109 
10.10891 0.04000 0.0011539736 0.0077073480 
10.10924 0.04000 0.0010588142 0.0076115657 
10.10958 0.04000 0.0009637854 0.0075159149 
10.10992 0.04000 0.0008686852 0.0074201922 
10.11026 0.04000 0.0007737663 0.0073246520 
10.11059 0.04000 0.0006789277 0.0072291926 
10.11093 0.04000 0.0005841188 0.0071337631 
10.11127 0.04000 0.0004894409 0.0070384655 
10.11160 0.04000 0.0003947929 0.0069431979 
10.11194 0.04000 0.0003002253 0.0068480113 
10.11228 0.04000 0.0002057384 0.0067529058 
10.11261 0.04000 0.0001112813 0.0066578305 
10.11295 0.04000 0.0000169556 0.0065628873 
10.11328 0.04000 -0.0000773401 0.0064679744 
10.11362 0.04000 -0.0001715550 0.0063731428 
10.11398 0.04000 -0.0002656385 0.0062784435 
10.11431 0.04000 -0.0003674501 0.0061759654 
10.11464 0.04000 -0.0004614240 0.0060813763 
10.11498 0.04000 -0.0005553170 0.0059868687 
10.11531 0.04000 -0.0006491797 0.0058923916 
10.11564 0.04000 -0.0007429106 0.0057980472 
10.11598 0.04000 -0.0008366110 0.0057037334 
10.11631 0.04000 -0.0009302810 0.0056094502 
10.11664 0.04000 -0.0010237683 0.0055153511 
10.11697 0.04000 -0.0011172757 0.0054212315 
10.11731 0.04000 -0.0012106510 0.0053272450 
10.11764 0.04000 -0.0013039958 0.0052332893 
10.11797 0.04000 -0.0013972590 0.0051394155 
10.11830 0.04000 -0.0014904916 0.0050455726 
10.11863 0.04000 -0.0015835918 0.0049518631 
10.11896 0.04000 -0.0016766612 0.0048581844 
10.11929 0.04000 -0.0017695981 0.0047646392 
10.11962 0.04000 -0.0018625549 0.0046710739 
10.11995 0.04000 -0.0019553792 0.0045776420 
10.12028 0.04000 -0.0020481215 0.0044842926 
10.12061 0.04000 -0.0021408329 0.0043909743 
10.12094 0.04000 -0.0022334624 0.0042977385 
10.12127 0.04000 -0.0023260099 0.0042045852 
10.12160 0.04000 -0.0024185263 0.0041114632 
10.12192 0.04000 -0.0025109096 0.0040184751 
10.12225 0.04000 -0.0026032618 0.0039255185 
10.12258 0.04000 -0.0026955318 0.0038326445 
10.12291 0.04000 -0.0027877195 0.0037398533 
10.12323 0.04000 -0.0028799269 0.0036470424 
10.12356 0.04000 -0.0029720010 0.0035543656 
10.12389 0.04000 -0.0030639927 0.0034617717 
10.12422 0.04000 -0.0031559019 0.0033692609 
10.12454 0.04000 -0.0032477796 0.0032767818 
10.12487 0.04000 -0.0033395748 0.0031843857 
10.12519 0.04000 -0.0034312874 0.0030920728 
10.12552 0.04000 -0.0035229173 0.0029998430 
10.12584 0.04000 -0.0036145156 0.0029076452 
10.12617 0.04000 -0.0037060312 0.0028155306 
10.12649 0.04000 -0.0037975150 0.0027234479 
10.12682 0.04000 -0.0038888649 0.0026315001 
10.12717 0.04000 -0.0039801830 0.0025395842 
10.12749 0.04000 -0.0040789366 0.0024401841 
10.12782 0.04000 -0.0041700392 0.0023484852 
10.12814 0.04000 -0.0042611609 0.0022567670 
10.12846 0.04000 -0.0043521996 0.0021651325 
10.12879 0.04000 -0.0044432063 0.0020735300 
10.12911 0.04000 -0.0045340785 0.0019820629 
10.12943 0.04000 -0.0046249188 0.0018906281 
10.12976 0.04000 -0.0047156757 0.0017992771 
10.13008 0.04000 -0.0048063492 0.0017080101 
10.13040 0.04000 -0.0048969905 0.0016167754 
10.13072 0.04000 -0.0049875484 0.0015256247 
10.13104 0.04000 -0.0050780740 0.0014345066 
10.13136 0.04000 -0.0051685161 0.0013434725 
10.13168 0.04000 -0.0052600541 0.0012513353 
10.13201 0.04000 -0.0053519707 0.0011588170 
10.13233 0.04000 -0.0054438555 0.0010663307 
10.13265 0.04000 -0.0055356060 0.0009739797 
10.13297 0.04000 -0.0056273760 0.0008816090 
10.13329 0.04000 -0.0057190114 0.0007893737 
10.13361 0.04000 -0.0058106150 0.0006971705 
10.13392 0.04000 -0.0059021353 0.0006050511 
10.13424 0.04000 -0.0059935723 0.0005130156 
10.13456 0.04000 -0.0060849772 0.0004210124 
10.13488 0.04000 -0.0061762988 0.0003290930 
10.13520 0.04000 -0.0062675368 0.0002372577 
10.13552 0.04000 -0.0063587428 0.0001454548 
10.13584 0.04000 -0.0064498652 0.0000537359 
10.13615 0.04000 -0.0065409296 -0.0000379246 
10.13647 0.04000 -0.0066319104 -0.0001295009 
10.13679 0.04000 -0.0067228074 -0.0002209929 
10.13711 0.04000 -0.0068136721 -0.0003124524 
10.13742 0.04000 -0.0069044530 -0.0004038276 
10.13774 0.04000 -0.0069951758 -0.0004951442 
10.13805 0.04000 -0.0070858403 -0.0005864022 
10.13837 0.04000 -0.0071764467 -0.0006776017 
10.13869 0.04000 -0.0072669691 -0.0007687166 
10.13900 0.04000 -0.0073574073 -0.0008597469 
10.13932 0.04000 -0.0074478130 -0.0009507443 
10.13963 0.04000 -0.0075381345 -0.0010416571 
10.13997 0.04000 -0.0076283976 -0.0011325109 
10.14029 0.04000 -0.0077259782 -0.0012307303 
10.14060 0.04000 -0.0078161000 -0.0013214420 
10.14092 0.04000 -0.0079061890 -0.0014121208 
10.14123 0.04000 -0.0079961679 -0.0015026886 
10.14154 0.04000 -0.0080860880 -0.0015931973 
10.14186 0.04000 -0.0081759752 -0.0016836729 
10.14217 0.04000 -0.0082657779 -0.0017740635 
10.14248 0.04000 -0.0083554960 -0.0018643688 
10.14280 0.04000 -0.0084451552 -0.0019546149 
10.14311 0.04000 -0.0085347813 -0.0020448277 
10.14342 0.04000 -0.0086243228 -0.0021349553 
10.14373 0.04000 -0.0087137794 -0.0022249975 
10.14405 0.04000 -0.0088032029 -0.0023150063 
10.14436 0.04000 -0.0088925672 -0.0024049556 
10.14467 0.04000 -0.0089818467 -0.0024948195 
10.14498 0.04000 -0.0090710670 -0.0025846239 
10.14529 0.04000 -0.0091602023 -0.0026743426 
10.14560 0.04000 -0.0092493042 -0.0027640278 
10.14591 0.04000 -0.0093294677 -0.0028447160 
10.14622 0.04000 -0.0094063320 -0.0029220834 
10.14653 0.04000 -0.0094831063 -0.0029993603 
10.14684 0.04000 -0.0095598426 -0.0030765988 
10.14715 0.04000 -0.0096365147 -0.0031537729 
10.14746 0.04000 -0.0097131228 -0.0032308824 
10.14777 0.04000 -0.0097896926 -0.0033079535 
10.14808 0.04000 -0.0098661983 -0.0033849599 
10.14839 0.04000 -0.0099426657 -0.0034619279 
10.14870 0.04000 -0.0100190689 -0.0035388312 
10.14901 0.04000 -0.0100954337 -0.0036156959 
10.14932 0.04000 -0.0101717343 -0.0036924959 
10.14962 0.04000 -0.0102479705 -0.0037692311 
10.14993 0.04000 -0.0103241423 -0.0038459016 
10.15024 0.04000 -0.0104003017 -0.0039225595 
10.15055 0.04000 -0.0104763707 -0.0039991264 
10.15085 0.04000 -0.0105534395 -0.0040766997 
10.15116 0.04000 -0.0106414275 -0.0041652636 
10.15147 0.04000 -0.0107293555 -0.0042537672 
10.15177 0.04000 -0.0108172496 -0.0043422366 
10.15208 0.04000 -0.0109050575 -0.0044306193 
