7.00000 0.02000 1.2551589017 2.5440744060 
7.30103 0.02000 1.0556278188 1.2417894216 
7.47712 0.02000 0.9455996690 1.0512941658 
7.60206 0.02000 0.8834758104 0.9609729922 
7.69897 0.02000 0.8380486074 0.9017904587 
7.77815 0.02000 0.8105248039 0.8541183827 
7.84510 0.02000 0.7812215906 0.8185198977 
7.90309 0.02000 0.7548876388 0.7898063214 
7.95424 0.02000 0.7368829119 0.7660371012 
8.00000 0.02000 0.7075292203 0.7450669281 
8.04139 0.02000 0.7111922058 0.7267406458 
8.07918 0.02000 0.6753925326 0.7104748072 
8.11394 0.02000 0.6626699098 0.6957536478 
8.14613 0.02000 0.6511924986 0.6823311950 
8.17609 0.02000 0.6391080619 0.6700188663 
8.20412 0.02000 0.6279682292 0.6586689552 
8.23045 0.02000 0.6175584329 0.6480628478 
8.25527 0.02000 0.6078096257 0.6381301946 
8.27875 0.02000 0.6240454166 0.6289346652 
8.30103 0.02000 0.6113190786 0.6202348281 
8.32222 0.02000 0.6047312835 0.6119888622 
8.34242 0.02000 0.5961185822 0.6041433111 
8.36173 0.02000 0.5904543575 0.5968449325 
8.38021 0.02000 0.5827968252 0.5899552028 
8.39794 0.02000 0.5595952688 0.5833575126 
8.41497 0.02000 0.5699913273 0.5770917906 
8.43136 0.02000 0.5404459316 0.5710976619 
8.44716 0.02000 0.5402711057 0.5653288969 
8.46240 0.02000 0.5293358977 0.5597665609 
8.47712 0.02000 0.5295418268 0.5544250696 
8.49136 0.02000 0.5236884409 0.5492640862 
8.50515 0.02000 0.5187785691 0.5442718005 
8.51851 0.02000 0.5086333663 0.5394375188 
8.53148 0.02000 0.5087394090 0.5348448237 
8.54407 0.02000 0.5036390084 0.5304350193 
8.55630 0.02000 0.4994316278 0.5261526599 
8.56820 0.02000 0.4945810963 0.5219906325 
8.57978 0.02000 0.4906056793 0.5179423092 
8.59106 0.02000 0.4821953558 0.5140053737 
8.60206 0.02000 0.4822608059 0.5102137365 
8.61278 0.02000 0.4778797168 0.5065178755 
8.62325 0.02000 0.4705842624 0.5029130575 
8.63347 0.02000 0.4701420514 0.4993948779 
8.64345 0.02000 0.4630317541 0.4959593230 
8.65321 0.02000 0.4597488828 0.4926025661 
8.66276 0.02000 0.4595248957 0.4893263229 
8.67210 0.02000 0.4526904699 0.4861454704 
8.68124 0.02000 0.4496479848 0.4830329179 
8.69020 0.02000 0.4466694133 0.4799857509 
8.69897 0.02000 0.4467075925 0.4770012653 
8.70757 0.02000 0.4401562505 0.4740769815 
8.71600 0.02000 0.4373557146 0.4712104831 
8.72428 0.02000 0.4346094461 0.4683995303 
8.73239 0.02000 0.4311822174 0.4656420352 
8.74036 0.02000 0.4285399450 0.4629361425 
8.74819 0.02000 0.4259560179 0.4602899998 
8.75587 0.02000 0.4234185684 0.4576914540 
8.76343 0.02000 0.4201980441 0.4551388469 
8.77085 0.02000 0.4177499554 0.4526305283 
8.77815 0.02000 0.4153436714 0.4501650431 
8.78533 0.02000 0.4129777178 0.4477408805 
8.79239 0.02000 0.4099278167 0.4453567721 
8.79934 0.02000 0.4076398640 0.4430113272 
8.80618 0.02000 0.4053884797 0.4407033697 
8.81291 0.02000 0.4031725122 0.4384317189 
8.81954 0.02000 0.4002723500 0.4361951912 
8.82607 0.02000 0.3981240351 0.4339917631 
8.83251 0.02000 0.3960066376 0.4318200455 
8.83885 0.02000 0.3932053678 0.4296804570 
8.84510 0.02000 0.3911507977 0.4275720968 
8.85126 0.02000 0.3891257150 0.4254939960 
8.85733 0.02000 0.3864172581 0.4234453513 
8.86332 0.02000 0.3844497488 0.4214252942 
8.86923 0.02000 0.3825093274 0.4194330485 
8.87506 0.02000 0.3798862035 0.4174678936 
8.88081 0.02000 0.3779988006 0.4155290866 
8.88649 0.02000 0.3761363808 0.4136159431 
8.89209 0.02000 0.3728858243 0.4117277586 
8.89763 0.02000 0.3710732370 0.4098638893 
8.90309 0.02000 0.3699880948 0.4080237540 
8.90849 0.02000 0.3682201792 0.4062067549 
8.91381 0.02000 0.3664600429 0.4043977510 
8.91908 0.02000 0.3632646461 0.4025558557 
8.92428 0.02000 0.3614960447 0.4007362807 
8.92942 0.02000 0.3604484597 0.3989385139 
8.93450 0.02000 0.3587207720 0.3971619461 
8.93952 0.02000 0.3570132949 0.3954061608 
8.94448 0.02000 0.3539311624 0.3936706456 
8.94939 0.02000 0.3522643566 0.3919549171 
8.95424 0.02000 0.3506164143 0.3902586057 
8.95904 0.02000 0.3489868019 0.3885811622 
8.96379 0.02000 0.3473752211 0.3869222796 
8.96848 0.02000 0.3457812403 0.3852815136 
8.97313 0.02000 0.3442044595 0.3836584524 
8.97772 0.02000 0.3426445104 0.3820527169 
8.98227 0.02000 0.3411010575 0.3804639619 
8.98677 0.02000 0.3395737573 0.3788918336 
8.99123 0.02000 0.3380622576 0.3773359696 
8.99564 0.02000 0.3365662406 0.3757960427 
9.00000 0.02000 0.3350854234 0.3742717618 
9.00432 0.02000 0.3336194736 0.3727627847 
9.00860 0.02000 0.3321313402 0.3712309727 
9.01284 0.02000 0.3306490607 0.3697051866 
9.01703 0.02000 0.3291812475 0.3681942913 
9.02119 0.02000 0.3277275943 0.3666979717 
9.02531 0.02000 0.3262878320 0.3652159506 
9.02938 0.02000 0.3248616849 0.3637479444 
9.03342 0.02000 0.3234489587 0.3622937531 
9.03743 0.02000 0.3220494105 0.3608531265 
9.04139 0.02000 0.3206627479 0.3594257636 
9.04532 0.02000 0.3192887606 0.3580114482 
9.04922 0.02000 0.3179271895 0.3566099133 
9.05308 0.02000 0.3165893571 0.3552328140 
9.05690 0.02000 0.3146864345 0.3539712429 
9.06070 0.02000 0.3134723139 0.3527208426 
9.06446 0.02000 0.3122687413 0.3514813054 
9.06818 0.02000 0.3110755929 0.3502525040 
9.07188 0.02000 0.3098926521 0.3490342151 
9.07554 0.02000 0.3087198338 0.3478263513 
9.07918 0.02000 0.3075568248 0.3466285898 
9.08278 0.02000 0.3063832016 0.3454198970 
9.08636 0.02000 0.3045485100 0.3442229235 
9.08990 0.02000 0.3033964715 0.3430358488 
9.09342 0.02000 0.3022538072 0.3418584333 
9.09691 0.02000 0.3011203728 0.3406905285 
9.10037 0.02000 0.2999960214 0.3395319829 
9.10380 0.02000 0.2988806496 0.3383826900 
9.10721 0.02000 0.2977640287 0.3372321100 
9.11059 0.02000 0.2966283120 0.3360618535 
9.11394 0.02000 0.2955014244 0.3349006945 
9.11727 0.02000 0.2943832119 0.3337484745 
9.12057 0.02000 0.2932736117 0.3326051288 
9.12385 0.02000 0.2921723719 0.3314703976 
9.12710 0.02000 0.2910794718 0.3303442598 
9.13033 0.02000 0.2893298028 0.3292265476 
9.13353 0.02000 0.2882412843 0.3281043462 
9.13671 0.02000 0.2877797831 0.3269442199 
9.13987 0.02000 0.2866621300 0.3257925763 
9.14301 0.02000 0.2855525926 0.3246492951 
9.14613 0.02000 0.2844510520 0.3235142541 
9.14922 0.02000 0.2833551872 0.3223850615 
9.15229 0.02000 0.2822693662 0.3212662180 
9.15534 0.02000 0.2811911739 0.3201552354 
9.15836 0.02000 0.2801205799 0.3190520820 
9.16137 0.02000 0.2789854963 0.3178824778 
9.16435 0.02000 0.2778526783 0.3167152082 
9.16732 0.02000 0.2767275948 0.3155559083 
9.17026 0.02000 0.2756102186 0.3144045499 
9.17318 0.02000 0.2751573337 0.3132609531 
9.17609 0.02000 0.2740544236 0.3121250864 
9.17897 0.02000 0.2729588895 0.3109968161 
9.18184 0.02000 0.2718705995 0.3098760064 
9.18469 0.02000 0.2708333680 0.3088077808 
9.18752 0.02000 0.2698378291 0.3077824937 
9.19033 0.02000 0.2688487650 0.3067638750 
9.19312 0.02000 0.2678660779 0.3057518237 
9.19590 0.02000 0.2668897680 0.3047463401 
9.19865 0.02000 0.2659196351 0.3037472183 
9.20139 0.02000 0.2649556772 0.3027544558 
9.20412 0.02000 0.2646490511 0.3017679985 
9.20682 0.02000 0.2636966675 0.3007876613 
9.20951 0.02000 0.2627502495 0.2998134649 
9.21218 0.02000 0.2616259292 0.2986561444 
9.21484 0.02000 0.2604477935 0.2974434291 
9.21748 0.02000 0.2599253035 0.2962381275 
9.22010 0.02000 0.2587608897 0.2950401536 
9.22271 0.02000 0.2582507612 0.2938494195 
9.22530 0.02000 0.2570997165 0.2926658093 
9.22788 0.02000 0.2559555621 0.2914892843 
9.23044 0.02000 0.2554636648 0.2903197254 
9.23299 0.02000 0.2544631610 0.2892914442 
9.23552 0.02000 0.2537366681 0.2885447812 
9.23804 0.02000 0.2530144027 0.2878024633 
9.24054 0.02000 0.2522963368 0.2870644613 
9.24303 0.02000 0.2502954415 0.2863307193 
9.24551 0.02000 0.2495863139 0.2856011536 
9.24797 0.02000 0.2488812420 0.2848757605 
9.25041 0.02000 0.2491805573 0.2714419216 
9.25285 0.02000 0.2481191460 0.2703615951 
9.25527 0.02000 0.2470636793 0.2692873192 
9.25768 0.02000 0.2460114377 0.2682163258 
9.26007 0.02000 0.2456089148 0.2671614355 
9.26245 0.02000 0.2446827663 0.2662192620 
9.26482 0.02000 0.2437616497 0.2652822075 
9.26717 0.02000 0.2428456295 0.2643503376 
9.26951 0.02000 0.2412555939 0.2633757293 
9.27184 0.02000 0.2415412003 0.2623809051 
9.27416 0.02000 0.2405680834 0.2613914541 
9.27646 0.02000 0.2389276647 0.2603645810 
9.27875 0.02000 0.2391809891 0.2593405171 
9.28103 0.02000 0.2381786091 0.2583218300 
9.28330 0.02000 0.2365525376 0.2573085059 
9.28556 0.02000 0.2368080745 0.2562903155 
9.28780 0.02000 0.2352072080 0.2553020889 
9.29003 0.02000 0.2343239637 0.2544044755 
9.29225 0.02000 0.2346994224 0.2535115010 
9.29446 0.02000 0.2338243363 0.2526230819 
9.29666 0.02000 0.2323275288 0.2517391921 
9.29885 0.02000 0.2314617503 0.2508597759 
9.30103 0.02000 0.2306002918 0.2499847476 
9.30319 0.02000 0.2309837793 0.2491048603 
9.30535 0.02000 0.2294942735 0.2482270455 
9.30749 0.02000 0.2286576557 0.2473776810 
9.30963 0.02000 0.2278251510 0.2465324921 
9.31175 0.02000 0.2269967576 0.2456914771 
9.31386 0.02000 0.2274178929 0.2448545753 
9.31597 0.02000 0.2265967082 0.2440217248 
9.31806 0.02000 0.2251575785 0.2431928931 
9.32014 0.02000 0.2244503305 0.2424752338 
9.32222 0.02000 0.2243712922 0.2417646946 
9.32428 0.02000 0.2236665098 0.2410499001 
9.32633 0.02000 0.2223188479 0.2403123741 
9.32838 0.02000 0.2215954283 0.2395783052 
9.33041 0.02000 0.2208754939 0.2388477727 
9.33243 0.02000 0.2201588579 0.2381205873 
9.33445 0.02000 0.2194455685 0.2373967977 
9.33645 0.02000 0.2187222719 0.2366628536 
9.33845 0.02000 0.2179788130 0.2359084504 
9.34044 0.02000 0.2172387810 0.2351575244 
9.34242 0.02000 0.2165025824 0.2344104884 
9.34439 0.02000 0.2158008332 0.2336984090 
9.34635 0.02000 0.2163246042 0.2329781358 
9.34830 0.02000 0.2156173070 0.2322611545 
9.35025 0.02000 0.2149132154 0.2315474227 
9.35218 0.02000 0.2135965007 0.2308368366 
9.35411 0.02000 0.2129163550 0.2301470287 
9.35603 0.02000 0.2122470753 0.2294682412 
9.35793 0.02000 0.2115807568 0.2287924570 
9.35983 0.02000 0.2109173244 0.2281196000 
9.36173 0.02000 0.2102373211 0.2274299365 
9.36361 0.02000 0.2095466660 0.2267294700 
9.36549 0.02000 0.2088828022 0.2260561753 
9.36735 0.02000 0.2082217962 0.2253857791 
9.36921 0.02000 0.2075636325 0.2247182655 
9.37107 0.02000 0.2081115164 0.2240318912 
9.37291 0.02000 0.2074244418 0.2233357624 
9.37475 0.02000 0.2061286462 0.2226425779 
9.37657 0.02000 0.2054477752 0.2219523847 
9.37840 0.02000 0.2047697174 0.2212650431 
9.38021 0.02000 0.2040944879 0.2205805686 
9.38201 0.02000 0.2034221326 0.2198990076 
9.38381 0.02000 0.2039723426 0.2192202193 
9.38560 0.02000 0.2033048577 0.2185442809 
9.38739 0.02000 0.2020511968 0.2178917093 
9.38916 0.02000 0.2014224731 0.2172547003 
9.39093 0.02000 0.2007963013 0.2166202769 
9.39269 0.02000 0.2001726628 0.2159884202 
9.39445 0.02000 0.1995516012 0.2153591743 
9.39620 0.02000 0.1989329732 0.2147323940 
9.39794 0.02000 0.1995316310 0.2141082179 
9.39967 0.02000 0.1989153127 0.2134844102 
9.40140 0.02000 0.1982785562 0.2128399158 
9.40312 0.02000 0.1970379029 0.2121979574 
9.40483 0.02000 0.1964081858 0.2115602652 
9.40654 0.02000 0.1958058839 0.2109503353 
9.40824 0.02000 0.1952059792 0.2103428330 
9.40993 0.02000 0.1946083884 0.2097376739 
9.41162 0.02000 0.1952228937 0.2091349010 
9.41330 0.02000 0.1946293625 0.2085344614 
9.41497 0.02000 0.1940380850 0.2079363016 
9.41664 0.02000 0.1928436398 0.2073389549 
9.41830 0.02000 0.1922572596 0.2067454491 
9.41996 0.02000 0.1916730680 0.2061541584 
9.42160 0.02000 0.1911105746 0.2055848297 
9.42325 0.02000 0.1905815417 0.2050493680 
9.42488 0.02000 0.1900545387 0.2045159609 
9.42651 0.02000 0.1895295099 0.2039845521 
9.42813 0.02000 0.1890064313 0.2034551171 
9.42975 0.02000 0.1884853430 0.2029276965 
9.43136 0.02000 0.1879662208 0.2024022661 
9.43297 0.02000 0.1874489442 0.2018787035 
9.43457 0.02000 0.1869336492 0.2013571467 
9.43616 0.02000 0.1864202472 0.2008375059 
9.43775 0.02000 0.1865091412 0.2003197233 
9.43933 0.02000 0.1859992249 0.1998038718 
9.44091 0.02000 0.1854942006 0.1992929691 
9.44248 0.02000 0.1850092398 0.1988023635 
9.44404 0.02000 0.1833271515 0.1983135643 
9.44560 0.02000 0.1828461907 0.1978265123 
9.44716 0.02000 0.1823669943 0.1973412470 
9.44870 0.02000 0.1818894713 0.1968576763 
9.45025 0.02000 0.1813993155 0.1963613129 
9.45178 0.02000 0.1808962886 0.1958519154 
9.45332 0.02000 0.1803950513 0.1953443301 
9.45484 0.02000 0.1798956104 0.1948385639 
9.45636 0.02000 0.1793979075 0.1943345578 
9.45788 0.02000 0.1789019494 0.1938323186 
9.45939 0.02000 0.1784077100 0.1933318198 
9.46090 0.02000 0.1779069974 0.1928247659 
9.46240 0.02000 0.1773966047 0.1923079092 
9.46389 0.02000 0.1768879706 0.1917928335 
9.46538 0.02000 0.1763811023 0.1912795458 
9.46686 0.02000 0.1758759407 0.1907679865 
9.46834 0.02000 0.1759679524 0.1902581958 
9.46982 0.02000 0.1742756911 0.1897501807 
9.47129 0.02000 0.1749657493 0.1892438141 
9.47275 0.02000 0.1726831959 0.1887392032 
9.47421 0.02000 0.1715926576 0.1882362875 
9.47567 0.02000 0.1728809582 0.1877350737 
9.47712 0.02000 0.1700120076 0.1872355346 
9.47857 0.02000 0.1718947380 0.1867363633 
9.48001 0.02000 0.1684376212 0.1862401243 
9.48144 0.02000 0.1703435982 0.1857662710 
9.48287 0.02000 0.1669556266 0.1853375496 
9.48430 0.02000 0.1659421832 0.1849102309 
9.48572 0.02000 0.1684857818 0.1844843194 
9.48714 0.02000 0.1645130260 0.1840597858 
9.48855 0.02000 0.1670574322 0.1836366347 
9.48996 0.02000 0.1630901885 0.1832149042 
9.49136 0.02000 0.1620852389 0.1827944972 
9.49276 0.02000 0.1646309142 0.1823754177 
9.49415 0.02000 0.1606092549 0.1818939891 
9.49554 0.02000 0.1654388071 0.1813956265 
9.49693 0.02000 0.1590412509 0.1808988077 
9.49831 0.02000 0.1644601529 0.1804035728 
9.49969 0.02000 0.1574640796 0.1798932662 
9.50106 0.02000 0.1628196145 0.1793386146 
9.50243 0.02000 0.1557879366 0.1787857577 
9.50379 0.02000 0.1617311319 0.1782346690 
9.50515 0.02000 0.1541197988 0.1776852873 
9.50650 0.02000 0.1535830903 0.1771376199 
9.50785 0.02000 0.1601111166 0.1765916398 
9.50920 0.02000 0.1519263568 0.1760473888 
9.51054 0.02000 0.1584514586 0.1755048050 
9.51188 0.02000 0.1502773104 0.1749638955 
9.51322 0.02000 0.1573869911 0.1744246676 
9.51455 0.02000 0.1568572500 0.1738871283 
9.51587 0.02000 0.1481114762 0.1733511457 
9.51719 0.02000 0.1558031307 0.1728174915 
9.51851 0.02000 0.1464842377 0.1722874635 
9.51983 0.02000 0.1547600136 0.1717590189 
9.52114 0.02000 0.1542407679 0.1712321294 
9.52244 0.02000 0.1543087416 0.1707068364 
9.52374 0.02000 0.1537924215 0.1701831815 
9.52504 0.02000 0.1532776195 0.1696610662 
9.52634 0.02000 0.1527643073 0.1691404618 
9.52763 0.02000 0.1522525947 0.1686214799 
9.52891 0.02000 0.1523267286 0.1681040215 
9.53020 0.02000 0.1524018198 0.1675880577 
9.53148 0.02000 0.1519149158 0.1670947373 
9.53275 0.02000 0.1520252631 0.1666152487 
9.53403 0.02000 0.1515516313 0.1661356185 
9.53529 0.02000 0.1510793611 0.1656573672 
9.53656 0.02000 0.1506084926 0.1651805353 
9.53782 0.02000 0.1507216397 0.1647050926 
9.53908 0.02000 0.1502532477 0.1642310087 
9.54033 0.02000 0.1497862734 0.1637583597 
9.54158 0.02000 0.1493205814 0.1632870087 
9.54282 0.02000 0.1488562469 0.1628170316 
9.54407 0.02000 0.1483932395 0.1623483979 
9.54531 0.02000 0.1485127954 0.1618811124 
9.54654 0.02000 0.1480522239 0.1614151800 
9.54777 0.02000 0.1475929242 0.1609505341 
9.54900 0.02000 0.1471349362 0.1604872153 
9.55023 0.02000 0.1455176591 0.1600252282 
9.55145 0.02000 0.1456428064 0.1595645418 
9.55267 0.02000 0.1451888699 0.1591050890 
9.55388 0.02000 0.1446773680 0.1585873714 
9.55509 0.02000 0.1441668196 0.1580706189 
9.55630 0.02000 0.1442367230 0.1575552679 
9.55751 0.02000 0.1437287639 0.1570413962 
9.55871 0.02000 0.1432222016 0.1565289377 
9.55990 0.02000 0.1427170418 0.1560178980 
9.56110 0.02000 0.1427912617 0.1555082105 
9.56229 0.02000 0.1422886339 0.1549999894 
9.56348 0.02000 0.1417873544 0.1544931317 
9.56466 0.02000 0.1418647471 0.1539876792 
9.56585 0.02000 0.1413660005 0.1534836375 
9.56702 0.02000 0.1409172777 0.1530301507 
9.56820 0.02000 0.1404799108 0.1525881404 
9.56937 0.02000 0.1406201564 0.1521473939 
9.57054 0.02000 0.1401849666 0.1517078061 
9.57171 0.02000 0.1397509277 0.1512693808 
9.57287 0.02000 0.1393293791 0.1508435719 
9.57403 0.02000 0.1389695450 0.1504801013 
9.57519 0.02000 0.1386106066 0.1501175355 
9.57634 0.02000 0.1382526390 0.1497559502 
9.57749 0.02000 0.1378956449 0.1493953482 
9.57864 0.02000 0.1381143958 0.1490356955 
9.57978 0.02000 0.1377591043 0.1486769947 
9.58092 0.02000 0.1374038107 0.1483182917 
9.58206 0.02000 0.1370503754 0.1479614649 
9.58320 0.02000 0.1366978906 0.1476055977 
9.58433 0.02000 0.1363462858 0.1472506189 
9.58546 0.02000 0.1359956000 0.1468965679 
9.58659 0.02000 0.1356459089 0.1465435212 
9.58771 0.02000 0.1352970319 0.1461912964 
9.58883 0.02000 0.1349490813 0.1458400069 
9.58995 0.02000 0.1346020596 0.1454896551 
9.59106 0.02000 0.1342558590 0.1451401324 
9.59218 0.02000 0.1339106288 0.1447915894 
9.59329 0.02000 0.1335662612 0.1444439173 
9.59439 0.02000 0.1332049101 0.1440790986 
9.59550 0.02000 0.1328226652 0.1436931857 
9.59660 0.02000 0.1324413707 0.1433082323 
9.59769 0.02000 0.1320610663 0.1429242786 
9.59879 0.02000 0.1316817181 0.1425412901 
9.59988 0.02000 0.1318746940 0.1421592698 
9.60097 0.02000 0.1314970759 0.1417782204 
9.60206 0.02000 0.1311203857 0.1413981075 
9.60314 0.02000 0.1307446263 0.1410189339 
9.60422 0.02000 0.1297991948 0.1406407022 
9.60530 0.02000 0.1294255309 0.1402634527 
9.60638 0.02000 0.1290528056 0.1398871507 
9.60745 0.02000 0.1292724947 0.1395334260 
9.60852 0.02000 0.1289427083 0.1392006430 
9.60959 0.02000 0.1286137496 0.1388686953 
9.61066 0.02000 0.1282855836 0.1385375475 
9.61172 0.02000 0.1279582494 0.1382072391 
9.61278 0.02000 0.1276317119 0.1378777345 
9.61384 0.02000 0.1273059357 0.1375489982 
9.61490 0.02000 0.1269809974 0.1372211075 
9.61595 0.02000 0.1266567870 0.1368939511 
9.61700 0.02000 0.1263334186 0.1365676445 
9.61805 0.02000 0.1260108192 0.1362421139 
9.61909 0.02000 0.1256889909 0.1359173614 
9.62013 0.02000 0.1253679355 0.1355933888 
9.62117 0.02000 0.1250476926 0.1352702360 
9.62221 0.02000 0.1247281512 0.1349477912 
9.62325 0.02000 0.1244093884 0.1346261320 
9.62428 0.02000 0.1240905777 0.1343044245 
9.62531 0.02000 0.1237830625 0.1339941150 
9.62634 0.02000 0.1234884888 0.1336968648 
9.62737 0.02000 0.1231946190 0.1334003248 
9.62839 0.02000 0.1229014169 0.1331044586 
9.62941 0.02000 0.1226089219 0.1328093059 
9.63043 0.02000 0.1223170977 0.1325148301 
9.63144 0.02000 0.1220259837 0.1322210708 
9.63246 0.02000 0.1217355056 0.1319279534 
9.63347 0.02000 0.1214457407 0.1316355556 
9.63448 0.02000 0.1211566526 0.1313438408 
9.63548 0.02000 0.1208682050 0.1310527722 
9.63649 0.02000 0.1211461012 0.1307623896 
9.63749 0.02000 0.1208588697 0.1304726945 
9.63849 0.02000 0.1205723213 0.1301836883 
9.63949 0.02000 0.1202863433 0.1298952575 
9.64048 0.02000 0.1200011275 0.1296075953 
9.64147 0.02000 0.1197165230 0.1293205497 
9.64246 0.02000 0.1194319209 0.1290335065 
9.64345 0.02000 0.1191477031 0.1287468509 
9.64444 0.02000 0.1188641758 0.1284608917 
9.64542 0.02000 0.1185812260 0.1281755150 
9.64640 0.02000 0.1182989696 0.1278908377 
9.64738 0.02000 0.1180173699 0.1276068226 
9.64836 0.02000 0.1177363899 0.1273234326 
9.64933 0.02000 0.1174560311 0.1270406691 
9.65031 0.02000 0.1171762946 0.1267585333 
9.65128 0.02000 0.1168971820 0.1264770266 
9.65224 0.02000 0.1166186944 0.1261961504 
9.65321 0.02000 0.1163408333 0.1259159060 
9.65417 0.02000 0.1160635999 0.1256362948 
9.65514 0.02000 0.1157876495 0.1253579775 
9.65610 0.02000 0.1155124458 0.1250804133 
9.65705 0.02000 0.1152378748 0.1248034872 
9.65801 0.02000 0.1149638993 0.1245271618 
9.65896 0.02000 0.1146905206 0.1242514383 
9.65991 0.02000 0.1144177399 0.1239763179 
9.66086 0.02000 0.1141455199 0.1237017630 
9.66181 0.02000 0.1138739389 0.1234278526 
9.66276 0.02000 0.1141648179 0.1231545492 
9.66370 0.02000 0.1138936087 0.1228811517 
9.66464 0.02000 0.1136236227 0.1226089873 
9.66558 0.02000 0.1133542812 0.1223374726 
9.66652 0.02000 0.1130855079 0.1220665306 
9.66745 0.02000 0.1128173039 0.1217961626 
9.66839 0.02000 0.1125496705 0.1215263698 
9.66932 0.02000 0.1122826088 0.1212571533 
9.67025 0.02000 0.1120161589 0.1209885535 
9.67117 0.02000 0.1117502053 0.1207204540 
9.67210 0.02000 0.1114848657 0.1204529735 
9.67302 0.02000 0.1112201415 0.1201861134 
9.67394 0.02000 0.1103956380 0.1199197176 
9.67486 0.02000 0.1101321250 0.1196539444 
9.67578 0.02000 0.1098691915 0.1193887557 
9.67669 0.02000 0.1096067607 0.1191240740 
9.67761 0.02000 0.1093448726 0.1188599396 
9.67852 0.02000 0.1090836064 0.1185964325 
9.67943 0.02000 0.1088228070 0.1183333962 
9.68033 0.02000 0.1085626318 0.1180709894 
9.68124 0.02000 0.1083029256 0.1178090556 
9.68214 0.02000 0.1080438066 0.1175477141 
9.68305 0.02000 0.1077847274 0.1172864128 
9.68395 0.02000 0.1074854213 0.1169845394 
9.68484 0.02000 0.1071867701 0.1166833267 
9.68574 0.02000 0.1068886970 0.1163826969 
9.68663 0.02000 0.1065912032 0.1160826515 
9.68753 0.02000 0.1062943687 0.1157832710 
9.68842 0.02000 0.1059981558 0.1154845174 
9.68931 0.02000 0.1057025265 0.1151863524 
9.69019 0.02000 0.1054074820 0.1148887772 
9.69108 0.02000 0.1051131026 0.1145918729 
9.69196 0.02000 0.1048232168 0.1142995007 
9.69285 0.02000 0.1045530332 0.1140269997 
9.69373 0.02000 0.1042834306 0.1137550847 
9.69460 0.02000 0.1040142915 0.1134836371 
9.69548 0.02000 0.1037457356 0.1132127777 
9.69635 0.02000 0.1034777641 0.1129425077 
9.69723 0.02000 0.1032102989 0.1126727485 
9.69810 0.02000 0.1029433411 0.1124035009 
9.69897 0.02000 0.1026769710 0.1121348462 
9.69984 0.02000 0.1024103965 0.1118659851 
9.70070 0.02000 0.1021450859 0.1115983990 
9.70157 0.02000 0.1018802475 0.1113312889 
9.70243 0.02000 0.1016151267 0.1110638942 
9.70329 0.02000 0.1013296374 0.1107759562 
9.70415 0.02000 0.1010447946 0.1104886702 
9.70501 0.02000 0.1007604004 0.1102018368 
9.70586 0.02000 0.1004766553 0.1099156579 
9.70672 0.02000 0.1001934807 0.1096300545 
9.70757 0.02000 0.0999108382 0.1093449876 
9.70842 0.02000 0.0996287287 0.1090604585 
9.70927 0.02000 0.0993471935 0.1087765085 
9.71012 0.02000 0.0990661939 0.1084930986 
9.71096 0.02000 0.0987857309 0.1082102301 
9.71181 0.02000 0.0985058459 0.1079279444 
9.71265 0.02000 0.0982264999 0.1076462025 
9.71349 0.02000 0.0979476541 0.1073649650 
9.71433 0.02000 0.0976694299 0.1070843544 
9.71517 0.02000 0.0962843102 0.1068042101 
9.71600 0.02000 0.0960074119 0.1065246548 
9.71684 0.02000 0.0957310179 0.1062456084 
9.71767 0.02000 0.0954551693 0.1059671128 
9.71850 0.02000 0.0951797870 0.1056890880 
9.71933 0.02000 0.0949050328 0.1054116973 
9.72016 0.02000 0.0946307471 0.1051347796 
9.72098 0.02000 0.0949096768 0.1048583765 
9.72181 0.02000 0.0946363140 0.1045825299 
9.72263 0.02000 0.0943634634 0.1043072001 
9.72345 0.02000 0.0940911262 0.1040323884 
9.72427 0.02000 0.0938193438 0.1037581364 
9.72509 0.02000 0.0935479961 0.1034843232 
9.72591 0.02000 0.0932772458 0.1032111127 
9.72673 0.02000 0.0930069322 0.1029383430 
9.72754 0.02000 0.0927371779 0.1026661376 
9.72835 0.02000 0.0924679028 0.1023944158 
9.72916 0.02000 0.0921991486 0.1021232196 
9.72997 0.02000 0.0919308757 0.1018525091 
9.73078 0.02000 0.0922141925 0.1015823263 
9.73159 0.02000 0.0919467505 0.1013125904 
9.73239 0.02000 0.0916798337 0.1010433842 
9.73320 0.02000 0.0914127514 0.1007740111 
9.73400 0.02000 0.0911468473 0.1005058263 
9.73480 0.02000 0.0908813902 0.1002380923 
9.73560 0.02000 0.0906396639 0.0999942927 
9.73640 0.02000 0.0904187714 0.0997715056 
9.73719 0.02000 0.0901982961 0.0995491392 
9.73799 0.02000 0.0899614543 0.0993102660 
9.73878 0.02000 0.0897083007 0.0990549410 
9.73957 0.02000 0.0894556523 0.0988001256 
9.74036 0.02000 0.0892034693 0.0985457796 
9.74115 0.02000 0.0889517116 0.0982918625 
9.74194 0.02000 0.0887004620 0.0980384578 
9.74272 0.02000 0.0884495574 0.0977854013 
9.74351 0.02000 0.0887482447 0.0975329002 
9.74429 0.02000 0.0884981937 0.0972808316 
9.74507 0.02000 0.0882485725 0.0970291963 
9.74585 0.02000 0.0879994230 0.0967780366 
9.74663 0.02000 0.0877507463 0.0965273534 
9.74741 0.02000 0.0875025019 0.0962771061 
9.74819 0.02000 0.0872840849 0.0960569268 
9.74896 0.02000 0.0870694700 0.0958405802 
9.74974 0.02000 0.0868552426 0.0956246242 
9.75051 0.02000 0.0866413621 0.0954090180 
9.75128 0.02000 0.0864278703 0.0951938037 
9.75205 0.02000 0.0862147680 0.0949789820 
9.75282 0.02000 0.0860020143 0.0947645117 
9.75358 0.02000 0.0857896926 0.0945504768 
9.75435 0.02000 0.0855777208 0.0943367947 
9.75511 0.02000 0.0853660995 0.0941234660 
9.75587 0.02000 0.0851548707 0.0939105328 
9.75663 0.02000 0.0849440350 0.0936979959 
9.75739 0.02000 0.0847335515 0.0934858142 
9.75815 0.02000 0.0845234209 0.0932739881 
9.75891 0.02000 0.0843136852 0.0930625601 
9.75967 0.02000 0.0841043035 0.0928514891 
9.76042 0.02000 0.0838952764 0.0926407754 
9.76117 0.02000 0.0836866460 0.0924304616 
9.76193 0.02000 0.0834783299 0.0922204647 
9.76268 0.02000 0.0832703700 0.0920108269 
9.76343 0.02000 0.0830628086 0.0918015907 
9.76418 0.02000 0.0828550639 0.0915921698 
9.76492 0.02000 0.0826482177 0.0913836547 
9.76567 0.02000 0.0824416885 0.0911754591 
9.76641 0.02000 0.0822355184 0.0909676255 
9.76716 0.02000 0.0820297496 0.0907601964 
9.76790 0.02000 0.0818242995 0.0905530886 
9.76864 0.02000 0.0816191684 0.0903463024 
9.76938 0.02000 0.0814144404 0.0901399225 
9.77011 0.02000 0.0812100743 0.0899339075 
9.77085 0.02000 0.0810059871 0.0897281736 
9.77159 0.02000 0.0808023048 0.0895228478 
9.77232 0.02000 0.0805989442 0.0893178464 
9.77305 0.02000 0.0803959477 0.0891132120 
9.77379 0.02000 0.0801932740 0.0889089030 
9.77452 0.02000 0.0799909236 0.0887049199 
9.77525 0.02000 0.0797889389 0.0885013055 
9.77597 0.02000 0.0795872785 0.0882980180 
9.77670 0.02000 0.0793859849 0.0880951003 
9.77743 0.02000 0.0791850167 0.0878925106 
9.77815 0.02000 0.0789843744 0.0876902494 
9.77887 0.02000 0.0787840585 0.0874883172 
9.77960 0.02000 0.0785840695 0.0872867145 
9.78032 0.02000 0.0783844498 0.0870854842 
9.78104 0.02000 0.0781851161 0.0868845421 
9.78175 0.02000 0.0779861527 0.0866839734 
9.78247 0.02000 0.0777874762 0.0864836939 
9.78319 0.02000 0.0775891713 0.0862837889 
9.78390 0.02000 0.0773911540 0.0860841739 
9.78462 0.02000 0.0771935093 0.0858849345 
9.78533 0.02000 0.0769961955 0.0856860286 
9.78604 0.02000 0.0767991287 0.0854873718 
9.78675 0.02000 0.0766024360 0.0852890920 
9.78746 0.02000 0.0764060756 0.0850911473 
9.78817 0.02000 0.0762100058 0.0848934955 
9.78887 0.02000 0.0760142693 0.0846961797 
9.78958 0.02000 0.0758188666 0.0844992004 
9.79028 0.02000 0.0756237559 0.0843025154 
9.79099 0.02000 0.0754289376 0.0841061252 
9.79169 0.02000 0.0752344970 0.0839101157 
9.79239 0.02000 0.0750403496 0.0837144019 
9.79309 0.02000 0.0748460300 0.0835185144 
9.79379 0.02000 0.0746477227 0.0833186070 
9.79449 0.02000 0.0744394420 0.0831086457 
9.79518 0.02000 0.0742314000 0.0828989251 
9.79588 0.02000 0.0740237244 0.0826895740 
9.79657 0.02000 0.0738164160 0.0824805928 
9.79727 0.02000 0.0741507968 0.0822718966 
9.79796 0.02000 0.0739439924 0.0820635287 
9.79865 0.02000 0.0737375568 0.0818555323 
9.79934 0.02000 0.0735314055 0.0816478224 
9.80003 0.02000 0.0733256242 0.0814404852 
9.80072 0.02000 0.0731293334 0.0812427104 
9.80140 0.02000 0.0729355540 0.0810474659 
9.80209 0.02000 0.0727520098 0.0808625341 
9.80277 0.02000 0.0725741909 0.0806833708 
9.80346 0.02000 0.0723966400 0.0805044775 
9.80414 0.02000 0.0722193577 0.0803258549 
9.80482 0.02000 0.0720423870 0.0801475461 
9.80550 0.02000 0.0718656855 0.0799695087 
9.80618 0.02000 0.0716892535 0.0797917429 
9.80686 0.02000 0.0715130916 0.0796142491 
9.80753 0.02000 0.0713372000 0.0794370276 
9.80821 0.02000 0.0711616219 0.0792601221 
9.80888 0.02000 0.0709862720 0.0790834465 
9.80956 0.02000 0.0708111936 0.0789070444 
9.81023 0.02000 0.0706364298 0.0787309593 
9.81090 0.02000 0.0704618953 0.0785551052 
9.81157 0.02000 0.0702876332 0.0783795256 
9.81224 0.02000 0.0701136870 0.0782042642 
9.81291 0.02000 0.0699399280 0.0780291916 
9.81358 0.02000 0.0697664856 0.0778544379 
9.81425 0.02000 0.0695933171 0.0776799602 
9.81491 0.02000 0.0694203799 0.0775057155 
9.81558 0.02000 0.0692477604 0.0773317908 
9.81624 0.02000 0.0690753297 0.0771580565 
9.81690 0.02000 0.0689032174 0.0769846430 
9.81756 0.02000 0.0687313808 0.0768115071 
9.81822 0.02000 0.0685597771 0.0766386061 
9.81888 0.02000 0.0683884067 0.0764659400 
9.81954 0.02000 0.0682173561 0.0762935962 
9.82020 0.02000 0.0680460651 0.0761210102 
9.82086 0.02000 0.0678755257 0.0759491814 
9.82151 0.02000 0.0677052208 0.0757775889 
9.82217 0.02000 0.0675351941 0.0756062767 
9.82282 0.02000 0.0673654025 0.0754352014 
9.82347 0.02000 0.0671958465 0.0752643635 
9.82413 0.02000 0.0670265696 0.0750938068 
9.82478 0.02000 0.0668575721 0.0749235316 
9.82543 0.02000 0.0666888111 0.0747534946 
9.82607 0.02000 0.0665202437 0.0745836528 
9.82672 0.02000 0.0663520432 0.0744141807 
9.82737 0.02000 0.0661840370 0.0742449042 
9.82801 0.02000 0.0660162251 0.0740758236 
9.82866 0.02000 0.0658486947 0.0739070266 
9.82930 0.02000 0.0656814460 0.0737385134 
9.82995 0.02000 0.0655144360 0.0735702408 
9.83059 0.02000 0.0653476651 0.0734022089 
9.83123 0.02000 0.0651811334 0.0732344182 
9.83187 0.02000 0.0650148849 0.0730669127 
9.83251 0.02000 0.0648488328 0.0728996052 
9.83315 0.02000 0.0646830209 0.0727325397 
9.83378 0.02000 0.0645174930 0.0725657604 
9.83442 0.02000 0.0643521626 0.0723991799 
9.83506 0.02000 0.0641871168 0.0722328863 
9.83569 0.02000 0.0640223124 0.0720668359 
9.83632 0.02000 0.0638577062 0.0719009853 
9.83696 0.02000 0.0636933857 0.0717354224 
9.83759 0.02000 0.0635292639 0.0715700598 
9.83822 0.02000 0.0633654284 0.0714049856 
9.83885 0.02000 0.0632017922 0.0712401122 
9.83948 0.02000 0.0630383993 0.0710754839 
9.84010 0.02000 0.0628752499 0.0709111011 
9.84073 0.02000 0.0627123443 0.0707469639 
9.84136 0.02000 0.0625496829 0.0705830727 
9.84198 0.02000 0.0623872223 0.0704193837 
9.84261 0.02000 0.0622250063 0.0702559413 
9.84323 0.02000 0.0620629916 0.0700927018 
9.84385 0.02000 0.0619012659 0.0699297533 
9.84448 0.02000 0.0617397421 0.0697670083 
9.84510 0.02000 0.0615785079 0.0696045551 
9.84572 0.02000 0.0614170382 0.0694418646 
9.84634 0.02000 0.0612562090 0.0692798194 
9.84696 0.02000 0.0610956264 0.0691180228 
9.84757 0.02000 0.0609352471 0.0689564309 
9.84819 0.02000 0.0607751150 0.0687950882 
9.84880 0.02000 0.0606152306 0.0686339949 
9.84942 0.02000 0.0609900100 0.0684730630 
9.85003 0.02000 0.0608304973 0.0683124253 
9.85065 0.02000 0.0606711893 0.0681519936 
9.85126 0.02000 0.0605120861 0.0679917683 
9.85187 0.02000 0.0603532320 0.0678317939 
9.85248 0.02000 0.0601945834 0.0676720263 
9.85309 0.02000 0.0600361844 0.0675125101 
9.85370 0.02000 0.0598788719 0.0673540881 
9.85431 0.02000 0.0597268307 0.0672009746 
9.85491 0.02000 0.0595750002 0.0670480733 
9.85552 0.02000 0.0594234248 0.0668954288 
9.85612 0.02000 0.0592720165 0.0667429527 
9.85673 0.02000 0.0591208197 0.0665906894 
9.85733 0.02000 0.0589698786 0.0664386838 
9.85793 0.02000 0.0582856952 0.0662868471 
9.85854 0.02000 0.0581352099 0.0661352241 
9.85914 0.02000 0.0579849370 0.0659838150 
9.85974 0.02000 0.0578348765 0.0658326200 
9.86034 0.02000 0.0576850288 0.0656816394 
9.86094 0.02000 0.0575353942 0.0655308735 
9.86153 0.02000 0.0573847351 0.0653790753 
9.86213 0.02000 0.0572299111 0.0652230808 
9.86273 0.02000 0.0570752968 0.0650672975 
9.86332 0.02000 0.0569208483 0.0649116814 
9.86392 0.02000 0.0567666543 0.0647563216 
9.86451 0.02000 0.0566126709 0.0646011739 
9.86510 0.02000 0.0564588982 0.0644462386 
9.86569 0.02000 0.0563053365 0.0642915159 
9.86629 0.02000 0.0561519860 0.0641370060 
9.86688 0.02000 0.0559988026 0.0639826645 
9.86747 0.02000 0.0558458754 0.0638285811 
9.86805 0.02000 0.0556931157 0.0636746665 
9.86864 0.02000 0.0555405683 0.0635209657 
9.86923 0.02000 0.0553882776 0.0633675237 
9.86982 0.02000 0.0552357555 0.0632138484 
9.87040 0.02000 0.0550838460 0.0630607904 
9.87099 0.02000 0.0549321496 0.0629079471 
9.87157 0.02000 0.0547806666 0.0627553188 
9.87216 0.02000 0.0546255270 0.0625990063 
9.87274 0.02000 0.0544656143 0.0624378846 
9.87332 0.02000 0.0543058649 0.0622769274 
9.87390 0.02000 0.0541463235 0.0621161797 
9.87448 0.02000 0.0539870348 0.0619556868 
9.87506 0.02000 0.0538279547 0.0617954039 
9.87564 0.02000 0.0536690387 0.0616352865 
9.87622 0.02000 0.0535104210 0.0614754695 
9.87679 0.02000 0.0533519233 0.0613157736 
9.87737 0.02000 0.0531936798 0.0611563336 
9.87795 0.02000 0.0530356460 0.0609971051 
9.87852 0.02000 0.0528778223 0.0608380881 
9.87910 0.02000 0.0527202089 0.0606792831 
9.87967 0.02000 0.0525628061 0.0605206902 
9.88024 0.02000 0.0524055693 0.0603622646 
9.88081 0.02000 0.0522485435 0.0602040516 
9.88138 0.02000 0.0520917737 0.0600460966 
9.88195 0.02000 0.0519352155 0.0598883548 
9.88252 0.02000 0.0517788243 0.0597307811 
9.88309 0.02000 0.0516226451 0.0595734212 
9.88366 0.02000 0.0514666782 0.0594162751 
9.88423 0.02000 0.0513109238 0.0592593431 
9.88479 0.02000 0.0511553374 0.0591025804 
9.88536 0.02000 0.0510000088 0.0589460774 
9.88593 0.02000 0.0508448486 0.0587897441 
9.88649 0.02000 0.0506899018 0.0586336259 
9.88705 0.02000 0.0505351689 0.0584777231 
9.88762 0.02000 0.0503805600 0.0583219453 
9.88818 0.02000 0.0502262103 0.0581664286 
9.88874 0.02000 0.0500720751 0.0580111281 
9.88930 0.02000 0.0499181545 0.0578560438 
9.88986 0.02000 0.0497643589 0.0577010855 
9.89042 0.02000 0.0496108235 0.0575463892 
9.89098 0.02000 0.0494574585 0.0573918647 
9.89154 0.02000 0.0493043092 0.0572375575 
9.89209 0.02000 0.0491513757 0.0570834677 
9.89265 0.02000 0.0489981626 0.0569290963 
9.89321 0.02000 0.0488455713 0.0567753513 
9.89376 0.02000 0.0486932417 0.0566218700 
9.89432 0.02000 0.0485410387 0.0564685163 
9.89487 0.02000 0.0483890528 0.0563153813 
9.89542 0.02000 0.0482372841 0.0561624652 
9.89597 0.02000 0.0480856427 0.0560096773 
9.89653 0.02000 0.0479342641 0.0558571542 
9.89708 0.02000 0.0477830584 0.0557048053 
9.89763 0.02000 0.0476320257 0.0555526307 
9.89818 0.02000 0.0474811662 0.0554006306 
9.89872 0.02000 0.0473305253 0.0552488509 
9.89927 0.02000 0.0471801034 0.0550972917 
9.89982 0.02000 0.0470298100 0.0549458620 
9.90037 0.02000 0.0468797813 0.0547946990 
9.90091 0.02000 0.0467298363 0.0546436203 
9.90146 0.02000 0.0465801563 0.0544928087 
9.90200 0.02000 0.0464306510 0.0543421731 
9.90255 0.02000 0.0462813207 0.0541917137 
9.90309 0.02000 0.0461322108 0.0540414765 
9.90363 0.02000 0.0459832763 0.0538914160 
9.90417 0.02000 0.0458345173 0.0537415323 
9.90471 0.02000 0.0456859340 0.0535918257 
9.90526 0.02000 0.0455375267 0.0534422963 
9.90580 0.02000 0.0453893409 0.0532929902 
9.90633 0.02000 0.0452413316 0.0531438618 
9.90687 0.02000 0.0450934987 0.0529949113 
9.90741 0.02000 0.0449458427 0.0528461389 
9.90795 0.02000 0.0447983636 0.0526975447 
9.90848 0.02000 0.0446510617 0.0525491292 
9.90902 0.02000 0.0445039371 0.0524008923 
9.90955 0.02000 0.0443570356 0.0522528801 
9.91009 0.02000 0.0442103119 0.0521050472 
9.91062 0.02000 0.0440637207 0.0519573476 
9.91116 0.02000 0.0439173531 0.0518098735 
9.91169 0.02000 0.0437711184 0.0516625331 
9.91222 0.02000 0.0436254729 0.0515157865 
9.91275 0.02000 0.0434831564 0.0513723940 
9.91328 0.02000 0.0433410669 0.0512292302 
9.91381 0.02000 0.0431991589 0.0510862493 
9.91434 0.02000 0.0430570214 0.0509430372 
9.91487 0.02000 0.0429154313 0.0508003766 
9.91540 0.02000 0.0427740232 0.0506578994 
9.91593 0.02000 0.0426327975 0.0505156060 
9.91645 0.02000 0.0424917085 0.0503734503 
9.91698 0.02000 0.0423508022 0.0502314786 
9.91751 0.02000 0.0422100787 0.0500896912 
9.91803 0.02000 0.0420695383 0.0499480882 
9.91855 0.02000 0.0419291811 0.0498066698 
9.91908 0.02000 0.0417874949 0.0496639125 
9.91960 0.02000 0.0416436074 0.0495189371 
9.92012 0.02000 0.0414999011 0.0493741443 
9.92064 0.02000 0.0413563763 0.0492295344 
9.92117 0.02000 0.0417377922 0.0490850612 
9.92169 0.02000 0.0415945587 0.0489408175 
9.92221 0.02000 0.0414514614 0.0487967110 
9.92272 0.02000 0.0413085004 0.0486527417 
9.92324 0.02000 0.0411657680 0.0485090026 
9.92376 0.02000 0.0410231722 0.0483654011 
9.92428 0.02000 0.0408808052 0.0482220301 
9.92480 0.02000 0.0407385294 0.0480787508 
9.92531 0.02000 0.0405964367 0.0479356559 
9.92583 0.02000 0.0404545736 0.0477927923 
9.92634 0.02000 0.0403128020 0.0476500207 
9.92686 0.02000 0.0401712602 0.0475074807 
9.92737 0.02000 0.0400298564 0.0473650796 
9.92788 0.02000 0.0398886367 0.0472228639 
9.92839 0.02000 0.0397475553 0.0470807874 
9.92891 0.02000 0.0396066584 0.0469388968 
9.92942 0.02000 0.0394659002 0.0467971458 
9.92993 0.02000 0.0393253730 0.0466556275 
9.93044 0.02000 0.0391849385 0.0465142026 
9.93095 0.02000 0.0390447356 0.0463730108 
9.93146 0.02000 0.0389046719 0.0462319592 
9.93196 0.02000 0.0387647014 0.0460910015 
9.93247 0.02000 0.0386249629 0.0459502775 
9.93298 0.02000 0.0384854105 0.0458097408 
9.93349 0.02000 0.0383459980 0.0456693451 
9.93399 0.02000 0.0382067256 0.0455290904 
9.93450 0.02000 0.0380676397 0.0453890236 
9.93500 0.02000 0.0379283700 0.0452487716 
9.93551 0.02000 0.0377894724 0.0451088943 
9.93601 0.02000 0.0376508081 0.0449692520 
9.93651 0.02000 0.0375123310 0.0448297983 
9.93702 0.02000 0.0373739486 0.0446904399 
9.93752 0.02000 0.0372357074 0.0445512237 
9.93802 0.02000 0.0370977467 0.0444122900 
9.93852 0.02000 0.0369598348 0.0442734054 
9.93902 0.02000 0.0368221109 0.0441347102 
9.93952 0.02000 0.0366845753 0.0439962046 
9.94002 0.02000 0.0365471353 0.0438577952 
9.94052 0.02000 0.0364099303 0.0437196225 
9.94102 0.02000 0.0362728212 0.0435815464 
9.94151 0.02000 0.0361358545 0.0434436137 
9.94201 0.02000 0.0359990770 0.0433058715 
9.94251 0.02000 0.0358624888 0.0431683200 
9.94300 0.02000 0.0357249728 0.0430298340 
9.94350 0.02000 0.0355869470 0.0428908348 
9.94399 0.02000 0.0354490635 0.0427519788 
9.94449 0.02000 0.0353113689 0.0426133130 
9.94498 0.02000 0.0351737701 0.0424747438 
9.94547 0.02000 0.0350363607 0.0423363652 
9.94597 0.02000 0.0348990940 0.0421981304 
9.94646 0.02000 0.0347619703 0.0420600396 
9.94695 0.02000 0.0346250830 0.0419221868 
9.94744 0.02000 0.0344882456 0.0417843844 
9.94793 0.02000 0.0343515984 0.0416467734 
9.94842 0.02000 0.0342151414 0.0415093540 
9.94891 0.02000 0.0340787815 0.0413720324 
9.94940 0.02000 0.0339426122 0.0412349027 
9.94988 0.02000 0.0338066338 0.0410979652 
9.95037 0.02000 0.0336707528 0.0409611259 
9.95086 0.02000 0.0335350162 0.0408244319 
9.95134 0.02000 0.0333994709 0.0406879306 
9.95183 0.02000 0.0332640234 0.0405515279 
9.95232 0.02000 0.0331287676 0.0404153181 
9.95280 0.02000 0.0329937037 0.0402793016 
9.95328 0.02000 0.0328586911 0.0401433368 
9.95377 0.02000 0.0327239176 0.0400076128 
9.95429 0.02000 0.0325892896 0.0398720352 
9.95477 0.02000 0.0324437352 0.0397254543 
9.95526 0.02000 0.0323093482 0.0395901194 
9.95574 0.02000 0.0321751540 0.0394549788 
9.95622 0.02000 0.0320411528 0.0393200325 
9.95670 0.02000 0.0319072509 0.0391851862 
9.95718 0.02000 0.0317734484 0.0390504400 
9.95766 0.02000 0.0316398394 0.0389158887 
9.95814 0.02000 0.0315064240 0.0387815323 
9.95861 0.02000 0.0313730615 0.0386472292 
9.95909 0.02000 0.0312399399 0.0385131687 
9.95957 0.02000 0.0311069184 0.0383792091 
9.96005 0.02000 0.0309740442 0.0382453977 
9.96052 0.02000 0.0308412704 0.0381116874 
9.96100 0.02000 0.0307086911 0.0379781730 
9.96147 0.02000 0.0305763066 0.0378448549 
9.96195 0.02000 0.0304439758 0.0377115908 
9.96242 0.02000 0.0303118401 0.0375785231 
9.96289 0.02000 0.0301798526 0.0374456047 
9.96337 0.02000 0.0300479661 0.0373127881 
9.96384 0.02000 0.0299162753 0.0371801685 
9.96431 0.02000 0.0297846859 0.0370476510 
9.96478 0.02000 0.0296532452 0.0369152832 
9.96525 0.02000 0.0295220006 0.0367831129 
9.96572 0.02000 0.0293908578 0.0366510452 
9.96619 0.02000 0.0292598169 0.0365190801 
9.96666 0.02000 0.0291289725 0.0363873129 
9.96713 0.02000 0.0289982303 0.0362556486 
9.96760 0.02000 0.0288676850 0.0361241825 
9.96807 0.02000 0.0287372421 0.0359928196 
9.96854 0.02000 0.0286069491 0.0358616077 
9.96900 0.02000 0.0284768061 0.0357305468 
9.96947 0.02000 0.0283467659 0.0355995894 
9.96994 0.02000 0.0282169234 0.0354688312 
9.97040 0.02000 0.0280871839 0.0353381767 
9.97087 0.02000 0.0279590172 0.0352091060 
9.97133 0.02000 0.0278315712 0.0350807611 
9.97179 0.02000 0.0277042772 0.0349525693 
9.97226 0.02000 0.0275770879 0.0348244830 
9.97272 0.02000 0.0274500984 0.0346965979 
9.97322 0.02000 0.0273232140 0.0345688185 
9.97368 0.02000 0.0271859868 0.0344306235 
9.97414 0.02000 0.0270594046 0.0343031485 
9.97460 0.02000 0.0269329279 0.0341757798 
9.97506 0.02000 0.0268065566 0.0340485172 
9.97552 0.02000 0.0266803385 0.0339214089 
9.97598 0.02000 0.0265542737 0.0337944550 
9.97644 0.02000 0.0264278865 0.0336671764 
9.97690 0.02000 0.0263007010 0.0335390938 
9.97736 0.02000 0.0261736206 0.0334111172 
9.97782 0.02000 0.0260466933 0.0332832947 
9.97827 0.02000 0.0259199668 0.0331556744 
9.97873 0.02000 0.0257932983 0.0330281125 
9.97919 0.02000 0.0256668309 0.0329007531 
9.97964 0.02000 0.0255404218 0.0327734524 
9.98010 0.02000 0.0254141663 0.0326463065 
9.98055 0.02000 0.0252880646 0.0325193154 
9.98101 0.02000 0.0251620692 0.0323924314 
9.98146 0.02000 0.0250362279 0.0322657026 
9.98191 0.02000 0.0249105409 0.0321391291 
9.98237 0.02000 0.0247849127 0.0320126148 
9.98282 0.02000 0.0246594867 0.0318863043 
9.98327 0.02000 0.0245341199 0.0317600532 
9.98372 0.02000 0.0244089555 0.0316340061 
9.98417 0.02000 0.0242838983 0.0315080669 
9.98462 0.02000 0.0241589483 0.0313822355 
9.98507 0.02000 0.0240341534 0.0312565605 
9.98552 0.02000 0.0239095138 0.0311310418 
9.98597 0.02000 0.0237849339 0.0310055833 
9.98642 0.02000 0.0236605095 0.0308802814 
9.98687 0.02000 0.0235362408 0.0307551362 
9.98731 0.02000 0.0234120321 0.0306300515 
9.98776 0.02000 0.0232880272 0.0305051720 
9.98821 0.02000 0.0231640825 0.0303803531 
9.98865 0.02000 0.0230403419 0.0302557398 
9.98910 0.02000 0.0229166618 0.0301311874 
9.98955 0.02000 0.0227931861 0.0300068408 
9.98999 0.02000 0.0226697709 0.0298825552 
9.99044 0.02000 0.0225465125 0.0297584274 
9.99088 0.02000 0.0224233629 0.0296344093 
9.99136 0.02000 0.0223003222 0.0295105008 
9.99180 0.02000 0.0221673488 0.0293765896 
9.99224 0.02000 0.0220446195 0.0292529946 
9.99269 0.02000 0.0219219514 0.0291294614 
9.99313 0.02000 0.0217994889 0.0290061352 
9.99357 0.02000 0.0216770878 0.0288828707 
9.99401 0.02000 0.0215548443 0.0287597652 
9.99445 0.02000 0.0214326625 0.0286367216 
9.99489 0.02000 0.0213106868 0.0285138856 
9.99533 0.02000 0.0211887729 0.0283911118 
9.99577 0.02000 0.0210670171 0.0282684974 
9.99621 0.02000 0.0209453716 0.0281459938 
9.99665 0.02000 0.0208238845 0.0280236499 
9.99708 0.02000 0.0207024596 0.0279013686 
9.99752 0.02000 0.0205811934 0.0277792471 
9.99796 0.02000 0.0204600378 0.0276572370 
9.99839 0.02000 0.0203389929 0.0275353384 
9.99883 0.02000 0.0202180588 0.0274135514 
9.99926 0.02000 0.0200973321 0.0272919733 
9.99970 0.02000 0.0199766683 0.0271704584 
10.00013 0.02000 0.0198561156 0.0270490555 
10.00057 0.02000 0.0197356741 0.0269277645 
10.00100 0.02000 0.0196153924 0.0268066344 
10.00144 0.02000 0.0194951737 0.0266855679 
10.00187 0.02000 0.0193751634 0.0265647111 
10.00230 0.02000 0.0192551680 0.0264438694 
10.00273 0.02000 0.0191353811 0.0263232377 
10.00316 0.02000 0.0190156093 0.0262026212 
10.00360 0.02000 0.0188960464 0.0260822150 
10.00403 0.02000 0.0187765956 0.0259619217 
10.00446 0.02000 0.0186572569 0.0258417414 
10.00489 0.02000 0.0185380306 0.0257216742 
10.00532 0.02000 0.0184188683 0.0256016714 
10.00574 0.02000 0.0182998670 0.0254818308 
10.00617 0.02000 0.0181809782 0.0253621035 
10.00660 0.02000 0.0180622508 0.0252425387 
10.00703 0.02000 0.0179436362 0.0251230875 
10.00746 0.02000 0.0178250860 0.0250037012 
10.00788 0.02000 0.0177066974 0.0248844776 
10.00831 0.02000 0.0175883734 0.0247653191 
10.00877 0.02000 0.0174702113 0.0246463236 
10.00920 0.02000 0.0173424451 0.0245176563 
10.00962 0.02000 0.0172245071 0.0243988865 
10.01005 0.02000 0.0171066827 0.0242802311 
10.01047 0.02000 0.0169890207 0.0241617392 
10.01089 0.02000 0.0168713751 0.0240432639 
10.01132 0.02000 0.0167538921 0.0239249523 
10.01174 0.02000 0.0166365717 0.0238068045 
10.01216 0.02000 0.0165193168 0.0236887225 
10.01259 0.02000 0.0164021760 0.0235707556 
10.01301 0.02000 0.0162851495 0.0234529038 
10.01343 0.02000 0.0161682375 0.0233351671 
10.01385 0.02000 0.0160514399 0.0232175458 
10.01427 0.02000 0.0159347569 0.0231000399 
10.01469 0.02000 0.0158181887 0.0229826495 
10.01511 0.02000 0.0157017352 0.0228653746 
10.01553 0.02000 0.0155854454 0.0227482647 
10.01595 0.02000 0.0154689779 0.0226309757 
10.01637 0.02000 0.0153516002 0.0225127702 
10.01679 0.02000 0.0152343371 0.0223946801 
10.01720 0.02000 0.0151171398 0.0222766561 
10.01762 0.02000 0.0150001060 0.0221587970 
10.01804 0.02000 0.0148831382 0.0220410042 
10.01846 0.02000 0.0147662853 0.0219233271 
10.01887 0.02000 0.0146495963 0.0218058151 
10.01929 0.02000 0.0145330224 0.0216884190 
10.01970 0.02000 0.0144165149 0.0215710898 
10.02012 0.02000 0.0143000737 0.0214538273 
10.02053 0.02000 0.0141838457 0.0213367797 
10.02095 0.02000 0.0140676844 0.0212197991 
10.02136 0.02000 0.0139516387 0.0211029349 
10.02177 0.02000 0.0138356597 0.0209861379 
10.02219 0.02000 0.0137198455 0.0208695069 
10.02260 0.02000 0.0136041473 0.0207529926 
10.02301 0.02000 0.0134885160 0.0206365458 
10.02342 0.02000 0.0133730008 0.0205202160 
10.02384 0.02000 0.0132576509 0.0204040525 
10.02425 0.02000 0.0131423682 0.0202879567 
10.02466 0.02000 0.0130272020 0.0201719782 
10.02507 0.02000 0.0129121522 0.0200561170 
10.02551 0.02000 0.0127971700 0.0199403238 
10.02592 0.02000 0.0126729233 0.0198152008 
10.02633 0.02000 0.0125581720 0.0196996402 
10.02674 0.02000 0.0124435376 0.0195841973 
10.02715 0.02000 0.0123290693 0.0194689217 
10.02755 0.02000 0.0122146690 0.0193537145 
10.02796 0.02000 0.0121003367 0.0192385759 
10.02837 0.02000 0.0119861709 0.0191236049 
10.02878 0.02000 0.0118720732 0.0190087025 
10.02918 0.02000 0.0117580930 0.0188939184 
10.02959 0.02000 0.0116442304 0.0187792527 
10.02999 0.02000 0.0115304855 0.0186647055 
10.03040 0.02000 0.0114168090 0.0185502273 
10.03080 0.02000 0.0113032504 0.0184358678 
10.03121 0.02000 0.0111902041 0.0183220242 
10.03161 0.02000 0.0110784591 0.0182094911 
10.03202 0.02000 0.0109668332 0.0180970778 
10.03242 0.02000 0.0108552769 0.0179847348 
10.03282 0.02000 0.0107438398 0.0178725118 
10.03323 0.02000 0.0106325714 0.0177604585 
10.03363 0.02000 0.0105213235 0.0176484260 
10.03403 0.02000 0.0104101951 0.0175365138 
10.03443 0.02000 0.0102991862 0.0174247220 
10.03483 0.02000 0.0101882475 0.0173130009 
10.03523 0.02000 0.0100774285 0.0172014003 
10.03563 0.02000 0.0099667293 0.0170899203 
10.03603 0.02000 0.0098561006 0.0169785113 
10.03643 0.02000 0.0097446522 0.0168662770 
10.03683 0.02000 0.0096328783 0.0167537147 
10.03723 0.02000 0.0095211743 0.0166412229 
10.03763 0.02000 0.0094096394 0.0165289013 
10.03803 0.02000 0.0092981250 0.0164166005 
10.03843 0.02000 0.0091867800 0.0163044701 
10.03882 0.02000 0.0090755547 0.0161924604 
10.03922 0.02000 0.0089643503 0.0160804717 
10.03962 0.02000 0.0088533154 0.0159686537 
10.04002 0.02000 0.0087423511 0.0158569067 
10.04041 0.02000 0.0086314573 0.0157452308 
10.04081 0.02000 0.0085206839 0.0156336761 
10.04120 0.02000 0.0084100803 0.0155222925 
10.04163 0.02000 0.0082994980 0.0154109303 
10.04202 0.02000 0.0081799539 0.0152905430 
10.04242 0.02000 0.0080696104 0.0151794213 
10.04281 0.02000 0.0079593381 0.0150683712 
10.04321 0.02000 0.0078492361 0.0149574927 
10.04360 0.02000 0.0077392055 0.0148466860 
10.04399 0.02000 0.0076292461 0.0147359511 
10.04438 0.02000 0.0080269245 0.0146252881 
10.04478 0.02000 0.0074096410 0.0145147971 
10.04517 0.02000 0.0072999457 0.0144043281 
10.04556 0.02000 0.0076978222 0.0142940315 
10.04595 0.02000 0.0075883144 0.0141838069 
10.04634 0.02000 0.0074788785 0.0140736547 
10.04673 0.02000 0.0073696141 0.0139636750 
10.04712 0.02000 0.0072603718 0.0138537177 
10.04751 0.02000 0.0071513012 0.0137439331 
10.04790 0.02000 0.0070422528 0.0136341709 
10.04829 0.02000 0.0069333265 0.0135245315 
10.04868 0.02000 0.0068244724 0.0134149649 
10.04907 0.02000 0.0067157903 0.0133055714 
10.04945 0.02000 0.0066071807 0.0131962509 
10.04984 0.02000 0.0064985936 0.0130869530 
10.05023 0.02000 0.0063901789 0.0129778286 
10.05062 0.02000 0.0062818368 0.0128687773 
10.05100 0.02000 0.0061736173 0.0127598494 
10.05139 0.02000 0.0060654706 0.0126509948 
10.05177 0.02000 0.0059573967 0.0125422135 
10.05216 0.02000 0.0058494457 0.0124335558 
10.05254 0.02000 0.0057415676 0.0123249717 
10.05293 0.02000 0.0056338127 0.0122165113 
10.05331 0.02000 0.0055261808 0.0121081749 
10.05370 0.02000 0.0054185721 0.0119998619 
10.05408 0.02000 0.0053111368 0.0118917233 
10.05447 0.02000 0.0052037748 0.0117836586 
10.05485 0.02000 0.0050964863 0.0116756677 
10.05523 0.02000 0.0049892712 0.0115677508 
10.05561 0.02000 0.0048822299 0.0114600089 
10.05600 0.02000 0.0047752121 0.0113522905 
10.05638 0.02000 0.0046682680 0.0112446464 
10.05676 0.02000 0.0045614979 0.0111371774 
10.05717 0.02000 0.0044547516 0.0110297323 
10.05755 0.02000 0.0043394017 0.0109136274 
10.05793 0.02000 0.0042329014 0.0108064300 
10.05831 0.02000 0.0041264250 0.0106992566 
10.05869 0.02000 0.0040201231 0.0105922589 
10.05907 0.02000 0.0039138452 0.0104852853 
10.05945 0.02000 0.0038076918 0.0103784370 
10.05983 0.02000 0.0037016629 0.0102717141 
10.06021 0.02000 0.0035956583 0.0101650156 
10.06059 0.02000 0.0034897784 0.0100584426 
10.06096 0.02000 0.0033840232 0.0099519952 
10.06134 0.02000 0.0032783428 0.0098456230 
10.06172 0.02000 0.0031727370 0.0097393259 
10.06210 0.02000 0.0030672060 0.0096331041 
10.06247 0.02000 0.0029618001 0.0095270082 
10.06285 0.02000 0.0028564691 0.0094209878 
10.06322 0.02000 0.0027512131 0.0093150428 
10.06360 0.02000 0.0026460825 0.0092092240 
10.06397 0.02000 0.0025410270 0.0091034809 
10.06435 0.02000 0.0024360970 0.0089978640 
10.06472 0.02000 0.0023312424 0.0088923230 
10.06510 0.02000 0.0022264630 0.0087868578 
10.06547 0.02000 0.0021217590 0.0086814684 
10.06584 0.02000 0.0020171305 0.0085761550 
10.06622 0.02000 0.0019126279 0.0084709684 
10.06659 0.02000 0.0018082514 0.0083659086 
10.06696 0.02000 0.0017039000 0.0082608742 
10.06734 0.02000 0.0015996244 0.0081559160 
10.06771 0.02000 0.0014955255 0.0080511357 
10.06808 0.02000 0.0013914016 0.0079463302 
10.06845 0.02000 0.0012874545 0.0078417027 
10.06882 0.02000 0.0011835834 0.0077371517 
10.06919 0.02000 0.0010797885 0.0076326773 
10.06956 0.02000 0.0009760696 0.0075282795 
10.06993 0.02000 0.0008724775 0.0074240093 
10.07030 0.02000 0.0007689616 0.0073198159 
10.07067 0.02000 0.0006654715 0.0072156483 
10.07104 0.02000 0.0005621591 0.0071116596 
10.07141 0.02000 0.0004588724 0.0070076968 
10.07178 0.02000 0.0003556623 0.0069038111 
10.07218 0.02000 0.0002525794 0.0068000534 
10.07254 0.02000 0.0001411147 0.0066878592 
10.07291 0.02000 0.0000382338 0.0065843049 
10.07328 0.02000 -0.0000645702 0.0064808279 
10.07365 0.02000 -0.0001672974 0.0063774282 
10.07401 0.02000 -0.0002699477 0.0062741060 
10.07438 0.02000 -0.0003725717 0.0061708102 
10.07474 0.02000 -0.0004750172 0.0060676942 
10.07511 0.02000 -0.0005773856 0.0059646557 
10.07548 0.02000 -0.0006797275 0.0058616438 
10.07584 0.02000 -0.0007819415 0.0057587608 
10.07621 0.02000 -0.0008840781 0.0056559556 
10.07657 0.02000 -0.0009861373 0.0055532283 
10.07693 0.02000 -0.0010880175 0.0054506812 
10.07730 0.02000 -0.0011899218 0.0053481099 
10.07766 0.02000 -0.0012917485 0.0052456166 
10.07802 0.02000 -0.0013934468 0.0051432527 
10.07839 0.02000 -0.0014950165 0.0050410181 
10.07875 0.02000 -0.0015966101 0.0049387595 
10.07911 0.02000 -0.0016980242 0.0048366816 
10.07947 0.02000 -0.0017994113 0.0047346309 
10.07984 0.02000 -0.0019007204 0.0046326586 
10.08020 0.02000 -0.0020018497 0.0045308673 
10.08056 0.02000 -0.0021029517 0.0044291035 
10.08092 0.02000 -0.0022040266 0.0043273670 
10.08128 0.02000 -0.0023049214 0.0042258117 
10.08164 0.02000 -0.0024058398 0.0041242328 
10.08200 0.02000 -0.0025065779 0.0040228352 
10.08236 0.02000 -0.0026072887 0.0039214652 
10.08272 0.02000 -0.0027078699 0.0038202256 
10.08308 0.02000 -0.0028084236 0.0037190137 
10.08344 0.02000 -0.0029088478 0.0036179322 
10.08379 0.02000 -0.0030091932 0.0035169299 
10.08415 0.02000 -0.0031094600 0.0034160068 
10.08451 0.02000 -0.0032096480 0.0033151630 
10.08487 0.02000 -0.0033097571 0.0032143986 
10.08523 0.02000 -0.0034097873 0.0031137136 
10.08558 0.02000 -0.0035097386 0.0030131080 
10.08594 0.02000 -0.0036096108 0.0029125821 
10.08629 0.02000 -0.0037094040 0.0028121357 
10.08668 0.02000 -0.0038172965 0.0027035369 
10.08704 0.02000 -0.0039168820 0.0026032995 
10.08739 0.02000 -0.0040164395 0.0025030904 
10.08775 0.02000 -0.0041158664 0.0024030126 
10.08810 0.02000 -0.0042152651 0.0023029633 
10.08846 0.02000 -0.0043145332 0.0022030454 
10.08881 0.02000 -0.0044137217 0.0021032076 
10.08916 0.02000 -0.0045128818 0.0020033984 
10.08952 0.02000 -0.0046119624 0.0019036693 
10.08987 0.02000 -0.0047108608 0.0018041235 
10.09022 0.02000 -0.0048097818 0.0017045550 
10.09058 0.02000 -0.0049085206 0.0016051699 
10.09093 0.02000 -0.0050072819 0.0015057620 
10.09128 0.02000 -0.0051059121 0.0014064862 
10.09163 0.02000 -0.0052045136 0.0013072393 
10.09199 0.02000 -0.0053035992 0.0012075051 
10.09234 0.02000 -0.0054032719 0.0011071800 
10.09269 0.02000 -0.0055028650 0.0010069349 
10.09304 0.02000 -0.0056023272 0.0009068217 
10.09339 0.02000 -0.0057017609 0.0008067371 
10.09374 0.02000 -0.0058011148 0.0007067328 
10.09409 0.02000 -0.0059003376 0.0006068606 
10.09444 0.02000 -0.0059995318 0.0005070171 
10.09479 0.02000 -0.0060985946 0.0004073058 
10.09514 0.02000 -0.0061976288 0.0003076234 
10.09549 0.02000 -0.0062965829 0.0002080216 
10.09584 0.02000 -0.0063951997 0.0001087592 
10.09618 0.02000 -0.0064923989 0.0000109238 
10.09653 0.02000 -0.0065895172 -0.0000868302 
10.09688 0.02000 -0.0066865286 -0.0001844767 
10.09723 0.02000 -0.0067834590 -0.0002820415 
10.09757 0.02000 -0.0068803596 -0.0003795765 
10.09792 0.02000 -0.0069771275 -0.0004769778 
10.09827 0.02000 -0.0070738914 -0.0005743751 
10.09861 0.02000 -0.0071705225 -0.0006716387 
10.09896 0.02000 -0.0072670979 -0.0007688463 
10.09931 0.02000 -0.0073635661 -0.0008659459 
10.09965 0.02000 -0.0074599785 -0.0009629894 
10.10000 0.02000 -0.0075563094 -0.0010599509 
10.10037 0.02000 -0.0076531001 -0.0011573752 
10.10072 0.02000 -0.0077589141 -0.0012638818 
10.10106 0.02000 -0.0078566016 -0.0013622088 
10.10140 0.02000 -0.0079542339 -0.0014604801 
10.10175 0.02000 -0.0080517592 -0.0015586438 
10.10209 0.02000 -0.0081492033 -0.0016567258 
10.10243 0.02000 -0.0082465919 -0.0017547519 
10.10278 0.02000 -0.0083439250 -0.0018527221 
10.10312 0.02000 -0.0084411510 -0.0019505845 
10.10346 0.02000 -0.0085382955 -0.0020483649 
10.10381 0.02000 -0.0086353843 -0.0021460892 
10.10415 0.02000 -0.0087323658 -0.0022437055 
10.10449 0.02000 -0.0088292914 -0.0023412656 
10.10483 0.02000 -0.0089261613 -0.0024387696 
10.10517 0.02000 -0.0090229235 -0.0025361652 
10.10551 0.02000 -0.0091196040 -0.0026334786 
10.10585 0.02000 -0.0092162544 -0.0027307616 
10.10619 0.02000 -0.0093127970 -0.0028279362 
10.10653 0.02000 -0.0094092577 -0.0029250282 
10.10687 0.02000 -0.0095056622 -0.0030220638 
10.10721 0.02000 -0.0096019846 -0.0031190168 
10.10755 0.02000 -0.0096982250 -0.0032158871 
10.10789 0.02000 -0.0097943831 -0.0033126747 
10.10823 0.02000 -0.0098904850 -0.0034094056 
10.10857 0.02000 -0.0099864786 -0.0035060275 
10.10891 0.02000 -0.0100824417 -0.0036026188 
10.10924 0.02000 -0.0101783224 -0.0036991271 
10.10958 0.02000 -0.0102740947 -0.0037955263 
10.10992 0.02000 -0.0103698363 -0.0038918947 
10.11026 0.02000 -0.0104654954 -0.0039881799 
10.11059 0.02000 -0.0105610459 -0.0040843559 
10.11093 0.02000 -0.0106565397 -0.0041804747 
10.11127 0.02000 -0.0107519767 -0.0042765364 
10.11160 0.02000 -0.0108473308 -0.0043725148 
10.11194 0.02000 -0.0109425762 -0.0044683836 
10.11228 0.02000 -0.0110377906 -0.0045642213 
10.11261 0.02000 -0.0111329220 -0.0046599754 
10.11295 0.02000 -0.0112279705 -0.0047556460 
10.11328 0.02000 -0.0113229358 -0.0048512329 
10.11362 0.02000 -0.0114178440 -0.0049467624 
10.11398 0.02000 -0.0115126950 -0.0050422343 
10.11431 0.02000 -0.0116152439 -0.0051454545 
10.11464 0.02000 -0.0117099041 -0.0052407343 
10.11498 0.02000 -0.0118045069 -0.0053359564 
10.11531 0.02000 -0.0118990524 -0.0054311207 
10.11564 0.02000 -0.0119935144 -0.0055262010 
10.11598 0.02000 -0.0120879189 -0.0056212235 
10.11631 0.02000 -0.0121822137 -0.0057161356 
10.11664 0.02000 -0.0122764771 -0.0058110160 
10.11697 0.02000 -0.0123706568 -0.0059058122 
10.11731 0.02000 -0.0124647788 -0.0060005503 
10.11764 0.02000 -0.0125587910 -0.0060951778 
10.11797 0.02000 -0.0126527454 -0.0061897472 
10.11830 0.02000 -0.0127466419 -0.0062842584 
10.11863 0.02000 -0.0128404546 -0.0063786851 
10.11896 0.02000 -0.0129341832 -0.0064730273 
10.11929 0.02000 -0.0130278538 -0.0065673110 
10.11962 0.02000 -0.0131214664 -0.0066615364 
10.11995 0.02000 -0.0132149949 -0.0067556771 
10.12028 0.02000 -0.0133084652 -0.0068497593 
10.12061 0.02000 -0.0134018513 -0.0069437567 
10.12094 0.02000 -0.0134951792 -0.0070376955 
10.12127 0.02000 -0.0135884227 -0.0071315494 
10.12160 0.02000 -0.0136816079 -0.0072253445 
10.12192 0.02000 -0.0137747348 -0.0073190810 
10.12225 0.02000 -0.0138677510 -0.0074127061 
10.12258 0.02000 -0.0139607349 -0.0075062986 
10.12291 0.02000 -0.0140536080 -0.0075997797 
10.12323 0.02000 -0.0141464226 -0.0076932018 
10.12356 0.02000 -0.0142392047 -0.0077865912 
10.12389 0.02000 -0.0143318759 -0.0078798690 
10.12422 0.02000 -0.0144244884 -0.0079730878 
10.12454 0.02000 -0.0145170422 -0.0080662474 
10.12487 0.02000 -0.0146095372 -0.0081593479 
10.12519 0.02000 -0.0147019472 -0.0082523628 
10.12552 0.02000 -0.0147942721 -0.0083452920 
10.12584 0.02000 -0.0148865120 -0.0084381357 
10.12617 0.02000 -0.0149787190 -0.0085309463 
10.12649 0.02000 -0.0150708671 -0.0086236976 
10.12682 0.02000 -0.0151629299 -0.0087163630 
10.12717 0.02000 -0.0152549337 -0.0088089690 
10.12749 0.02000 -0.0153543859 -0.0089090722 
10.12782 0.02000 -0.0154462466 -0.0090015343 
10.12814 0.02000 -0.0155380482 -0.0090939368 
10.12846 0.02000 -0.0156297380 -0.0091862267 
10.12879 0.02000 -0.0157213947 -0.0092784833 
10.12911 0.02000 -0.0158129657 -0.0093706538 
10.12943 0.02000 -0.0159044774 -0.0094627645 
10.12976 0.02000 -0.0159959295 -0.0095548153 
10.13008 0.02000 -0.0160872960 -0.0096467798 
10.13040 0.02000 -0.0161786291 -0.0097387107 
10.13072 0.02000 -0.0162698500 -0.0098305288 
10.13104 0.02000 -0.0163610113 -0.0099222868 
10.13136 0.02000 -0.0164521129 -0.0100139848 
10.13168 0.02000 -0.0165431548 -0.0101056226 
10.13201 0.02000 -0.0166341106 -0.0101971738 
10.13233 0.02000 -0.0167250329 -0.0102886912 
10.13265 0.02000 -0.0168158690 -0.0103801219 
10.13297 0.02000 -0.0169066188 -0.0104714658 
10.13329 0.02000 -0.0169973350 -0.0105627758 
10.13361 0.02000 -0.0170879386 -0.0106539724 
10.13392 0.02000 -0.0171785348 -0.0107451617 
10.13424 0.02000 -0.0172690445 -0.0108362639 
10.13456 0.02000 -0.0173594414 -0.0109272524 
10.13488 0.02000 -0.0174498309 -0.0110182336 
10.13520 0.02000 -0.0175401337 -0.0111091276 
10.13552 0.02000 -0.0176303763 -0.0111999608 
10.13584 0.02000 -0.0177205586 -0.0112907334 
10.13615 0.02000 -0.0178106541 -0.0113814187 
10.13647 0.02000 -0.0179006628 -0.0114720166 
10.13679 0.02000 -0.0179906639 -0.0115626068 
10.13711 0.02000 -0.0180805517 -0.0116530830 
10.13742 0.02000 -0.0181704053 -0.0117435248 
10.13774 0.02000 -0.0182601720 -0.0118338791 
10.13805 0.02000 -0.0183498781 -0.0119241723 
10.13837 0.02000 -0.0184395234 -0.0120144045 
10.13869 0.02000 -0.0185290817 -0.0121045490 
10.13900 0.02000 -0.0186186056 -0.0121946589 
10.13932 0.02000 -0.0187080688 -0.0122847077 
10.13963 0.02000 -0.0187974446 -0.0123746686 
10.13997 0.02000 -0.0188867596 -0.0124645682 
10.14029 0.02000 -0.0189833199 -0.0125617606 
10.14060 0.02000 -0.0190725145 -0.0126515390 
10.14092 0.02000 -0.0191616481 -0.0127412561 
10.14123 0.02000 -0.0192506942 -0.0128308850 
10.14154 0.02000 -0.0193396791 -0.0129204524 
10.14186 0.02000 -0.0194286029 -0.0130099583 
10.14217 0.02000 -0.0195174656 -0.0130994026 
10.14248 0.02000 -0.0196062669 -0.0131887853 
10.14280 0.02000 -0.0196950071 -0.0132781063 
10.14311 0.02000 -0.0197836593 -0.0133673389 
10.14342 0.02000 -0.0198722768 -0.0134565364 
10.14373 0.02000 -0.0199608063 -0.0135456454 
10.14405 0.02000 -0.0200493009 -0.0136347193 
10.14436 0.02000 -0.0201377076 -0.0137237046 
10.14467 0.02000 -0.0202260526 -0.0138126280 
10.14498 0.02000 -0.0203143361 -0.0139014894 
10.14529 0.02000 -0.0204025846 -0.0139903155 
10.14560 0.02000 -0.0204907448 -0.0140790528 
10.14591 0.02000 -0.0205788434 -0.0141677281 
10.14622 0.02000 -0.0206668802 -0.0142563411 
10.14653 0.02000 -0.0207548553 -0.0143448921 
10.14684 0.02000 -0.0208427685 -0.0144333808 
10.14715 0.02000 -0.0209305932 -0.0145217804 
10.14746 0.02000 -0.0210183827 -0.0146101445 
10.14777 0.02000 -0.0211061102 -0.0146984463 
10.14808 0.02000 -0.0211937757 -0.0147866856 
10.14839 0.02000 -0.0212813792 -0.0148748626 
10.14870 0.02000 -0.0213689207 -0.0149629770 
10.14901 0.02000 -0.0214563734 -0.0150510022 
10.14932 0.02000 -0.0215437905 -0.0151389916 
10.14962 0.02000 -0.0216311455 -0.0152269184 
10.14993 0.02000 -0.0217184116 -0.0153147557 
10.15024 0.02000 -0.0218056687 -0.0154025840 
10.15055 0.02000 -0.0218928103 -0.0154902959 
10.15085 0.02000 -0.0219799161 -0.0155779719 
10.15116 0.02000 -0.0220669328 -0.0156655582 
10.15147 0.02000 -0.0221539137 -0.0157531085 
10.15177 0.02000 -0.0222408322 -0.0158405959 
10.15208 0.02000 -0.0223277148 -0.0159280473 
