7.00000 0.00010 1.2711142198 2.5440728535 
7.30103 0.00010 1.0466851125 1.2616492758 
7.47712 0.00010 0.9371082439 1.0531704027 
7.60206 0.00010 0.8658200231 0.9496990205 
7.69897 0.00010 0.8125715822 0.8802961042 
7.77815 0.00010 0.7709548988 0.8276400840 
7.84510 0.00010 0.7362990598 0.7863416472 
7.90309 0.00010 0.7065663859 0.7530453265 
7.95424 0.00010 0.6811506620 0.7242792064 
8.00000 0.00010 0.6585516691 0.6993566307 
8.04139 0.00010 0.6384634388 0.6779141466 
8.07918 0.00010 0.6205322003 0.6578525427 
8.11394 0.00010 0.6038097734 0.6399057478 
8.14613 0.00010 0.5885888814 0.6235118476 
8.17609 0.00010 0.5741074489 0.6087120605 
8.20412 0.00010 0.5614126508 0.5949227843 
8.23045 0.00010 0.5487701964 0.5820090049 
8.25527 0.00010 0.5370135347 0.5700000285 
8.27875 0.00010 0.5267324907 0.5587018636 
8.30103 0.00010 0.5163705195 0.5481229155 
8.32222 0.00010 0.5065635364 0.5381105768 
8.34242 0.00010 0.4972942587 0.5286472029 
8.36173 0.00010 0.4885768972 0.5197473021 
8.38021 0.00010 0.4810013823 0.5112413288 
8.39794 0.00010 0.4730588671 0.5031366388 
8.41497 0.00010 0.4655658515 0.4954906264 
8.43136 0.00010 0.4583656093 0.4881433655 
8.44716 0.00010 0.4514361421 0.4810724084 
8.46240 0.00010 0.4448148390 0.4743159077 
8.47712 0.00010 0.4385101798 0.4678825163 
8.49136 0.00010 0.4324185302 0.4616664838 
8.50515 0.00010 0.4265260226 0.4556536596 
8.51851 0.00010 0.4208199951 0.4498311231 
8.53148 0.00010 0.4153699646 0.4442698107 
8.54407 0.00010 0.4101575417 0.4389509575 
8.55630 0.00010 0.4050957760 0.4337858377 
8.56820 0.00010 0.4001762361 0.4287658479 
8.57978 0.00010 0.3953911115 0.4238830178 
8.59106 0.00010 0.3907332577 0.4191300572 
8.60206 0.00010 0.3862135836 0.4145180978 
8.61278 0.00010 0.3812301226 0.4101527146 
8.62325 0.00010 0.3770596559 0.4058949194 
8.63347 0.00010 0.3729893959 0.4017394292 
8.64345 0.00010 0.3690147230 0.3976815277 
8.65321 0.00010 0.3651312094 0.3937166944 
8.66276 0.00010 0.3613347705 0.3898407591 
8.67210 0.00010 0.3576216128 0.3860498488 
8.68124 0.00010 0.3539881348 0.3823402868 
8.69020 0.00010 0.3504523623 0.3787304761 
8.69897 0.00010 0.3470309870 0.3752374582 
8.70757 0.00010 0.3436786036 0.3718148767 
8.71600 0.00010 0.3403924709 0.3684599332 
8.72428 0.00010 0.3371700093 0.3651699942 
8.73239 0.00010 0.3340088587 0.3619426499 
8.74036 0.00010 0.3309879086 0.3588584420 
8.74819 0.00010 0.3280285870 0.3558371529 
8.75587 0.00010 0.3251224821 0.3528701950 
8.76343 0.00010 0.3223087533 0.3499975475 
8.77085 0.00010 0.3195516685 0.3471827300 
8.77815 0.00010 0.3168416729 0.3444159879 
8.78533 0.00010 0.3141751223 0.3416936004 
8.79239 0.00010 0.3115652132 0.3390290404 
8.79934 0.00010 0.3089977186 0.3364077832 
8.80618 0.00010 0.3064712039 0.3338283640 
8.81291 0.00010 0.3040007791 0.3313062091 
8.81954 0.00010 0.3015788571 0.3288335727 
8.82607 0.00010 0.2991938206 0.3263985942 
8.83251 0.00010 0.2968446394 0.3240002218 
8.83885 0.00010 0.2938686111 0.3216368695 
8.84510 0.00010 0.2916265195 0.3193466594 
8.85126 0.00010 0.2894166015 0.3170893134 
8.85733 0.00010 0.2872380482 0.3148640053 
8.86332 0.00010 0.2850898735 0.3126697277 
8.86923 0.00010 0.2829650587 0.3104993113 
8.87506 0.00010 0.2808591262 0.3083481825 
8.88081 0.00010 0.2787814254 0.3062258913 
8.88649 0.00010 0.2767312155 0.3041316810 
8.89209 0.00010 0.2747077820 0.3020648218 
8.89763 0.00010 0.2727332226 0.3000478855 
8.90309 0.00010 0.2708024992 0.2980757261 
8.90849 0.00010 0.2688960320 0.2961283434 
8.91381 0.00010 0.2670131840 0.2942050867 
8.91908 0.00010 0.2651534549 0.2923054452 
8.92428 0.00010 0.2626706880 0.2904287859 
8.92942 0.00010 0.2608893509 0.2886082886 
8.93450 0.00010 0.2591328914 0.2868132157 
8.93952 0.00010 0.2573969197 0.2850390810 
8.94448 0.00010 0.2556810052 0.2832854445 
8.94939 0.00010 0.2539846787 0.2815518266 
8.95424 0.00010 0.2523075120 0.2798377896 
8.95904 0.00010 0.2506481842 0.2781419837 
8.96379 0.00010 0.2490058051 0.2764634992 
8.96848 0.00010 0.2473813506 0.2748033333 
8.97313 0.00010 0.2457744301 0.2731610868 
8.97772 0.00010 0.2441846702 0.2715363782 
8.98227 0.00010 0.2426117429 0.2699288722 
8.98677 0.00010 0.2404207706 0.2683381691 
8.99123 0.00010 0.2388908656 0.2667738314 
8.99564 0.00010 0.2373807778 0.2652297570 
9.00000 0.00010 0.2358859938 0.2637013307 
9.00432 0.00010 0.2344061962 0.2621882283 
9.00860 0.00010 0.2329411440 0.2606902030 
9.01284 0.00010 0.2314904783 0.2592068880 
9.01703 0.00010 0.2300539727 0.2577380519 
9.02119 0.00010 0.2286313392 0.2562834000 
9.02531 0.00010 0.2272209599 0.2548412782 
9.02938 0.00010 0.2258165605 0.2534052708 
9.03342 0.00010 0.2244253301 0.2519827288 
9.03743 0.00010 0.2230470725 0.2505734516 
9.04139 0.00010 0.2210566574 0.2491772048 
9.04532 0.00010 0.2197042873 0.2477936900 
9.04922 0.00010 0.2183641230 0.2464226622 
9.05308 0.00010 0.2170360063 0.2450639593 
9.05690 0.00010 0.2157196595 0.2437172976 
9.06070 0.00010 0.2143678795 0.2423343865 
9.06446 0.00010 0.2129796715 0.2409142084 
9.06818 0.00010 0.2122235612 0.2395063421 
9.07188 0.00010 0.2108584467 0.2381105038 
9.07554 0.00010 0.2095049594 0.2367265544 
9.07918 0.00010 0.2081629008 0.2353542909 
9.08278 0.00010 0.2068320388 0.2339934760 
9.08636 0.00010 0.2055122255 0.2326439584 
9.08990 0.00010 0.2042032502 0.2313055228 
9.09342 0.00010 0.2034832023 0.2299401439 
9.09691 0.00010 0.2020908720 0.2285172051 
9.10037 0.00010 0.2007097005 0.2271056704 
9.10380 0.00010 0.1993395104 0.2257053585 
9.10721 0.00010 0.1985926151 0.2243161153 
9.11059 0.00010 0.1972432118 0.2229377519 
9.11394 0.00010 0.1959043318 0.2215701376 
9.11727 0.00010 0.1951861643 0.2202130451 
9.12057 0.00010 0.1938671078 0.2188663680 
9.12385 0.00010 0.1925580538 0.2175299027 
9.12710 0.00010 0.1912570422 0.2162016483 
9.13033 0.00010 0.1906076623 0.2149181811 
9.13353 0.00010 0.1893592407 0.2136442686 
9.13671 0.00010 0.1881200582 0.2123797838 
9.13987 0.00010 0.1868898946 0.2111245019 
9.14301 0.00010 0.1862739551 0.2098783858 
9.14613 0.00010 0.1850609427 0.2086412370 
9.14922 0.00010 0.1838541316 0.2074104128 
9.15229 0.00010 0.1826584153 0.2061909042 
9.15534 0.00010 0.1821025714 0.2050091996 
9.15836 0.00010 0.1808322834 0.2037142960 
9.16137 0.00010 0.1794624248 0.2023178925 
9.16435 0.00010 0.1787027914 0.2009311315 
9.16732 0.00010 0.1779511196 0.1995538910 
9.17026 0.00010 0.1766079085 0.1981860464 
9.17318 0.00010 0.1758725121 0.1968274703 
9.17609 0.00010 0.1745467009 0.1954780322 
9.17897 0.00010 0.1738271372 0.1941376322 
9.18184 0.00010 0.1725182864 0.1928061347 
9.18469 0.00010 0.1718140905 0.1914834013 
9.18752 0.00010 0.1706978443 0.1903484185 
9.19033 0.00010 0.1696323536 0.1892650431 
9.19312 0.00010 0.1691680975 0.1881886257 
9.19590 0.00010 0.1681149215 0.1871183163 
9.19865 0.00010 0.1670673089 0.1860536607 
9.20139 0.00010 0.1660298322 0.1849993058 
9.20412 0.00010 0.1650002701 0.1839529944 
9.20682 0.00010 0.1639771149 0.1829131940 
9.20951 0.00010 0.1635515535 0.1818798554 
9.21218 0.00010 0.1625405517 0.1808529283 
9.21484 0.00010 0.1615357778 0.1798323272 
9.21748 0.00010 0.1605371465 0.1788179653 
9.22010 0.00010 0.1595445708 0.1778097546 
9.22271 0.00010 0.1586228535 0.1768735184 
9.22530 0.00010 0.1577155625 0.1759519357 
9.22788 0.00010 0.1568136996 0.1750358666 
9.23044 0.00010 0.1565045229 0.1741252114 
9.23299 0.00010 0.1556128364 0.1732199390 
9.23552 0.00010 0.1547263517 0.1723199477 
9.23804 0.00010 0.1538433869 0.1714235300 
9.24054 0.00010 0.1529621771 0.1705288939 
9.24303 0.00010 0.1520860150 0.1696393824 
9.24551 0.00010 0.1512174593 0.1687575932 
9.24797 0.00010 0.1503563176 0.1678833310 
9.25041 0.00010 0.1495000694 0.1670140369 
9.25285 0.00010 0.1486486433 0.1661496383 
9.25527 0.00010 0.1478019670 0.1652900619 
9.25768 0.00010 0.1469578720 0.1644331062 
9.26007 0.00010 0.1461148724 0.1635772626 
9.26245 0.00010 0.1453004637 0.1627504454 
9.26482 0.00010 0.1444905429 0.1619281845 
9.26717 0.00010 0.1436849625 0.1611103301 
9.26951 0.00010 0.1428837851 0.1602969459 
9.27184 0.00010 0.1420868972 0.1594879164 
9.27416 0.00010 0.1412943255 0.1586832690 
9.27646 0.00010 0.1405059551 0.1578828868 
9.27875 0.00010 0.1403006091 0.1570867602 
9.28103 0.00010 0.1395201449 0.1562948069 
9.28330 0.00010 0.1387376129 0.1555007554 
9.28556 0.00010 0.1379590071 0.1547106879 
9.28780 0.00010 0.1371843873 0.1539246651 
9.29003 0.00010 0.1364138138 0.1531427481 
9.29225 0.00010 0.1356510109 0.1523687162 
9.29446 0.00010 0.1348950153 0.1516015916 
9.29666 0.00010 0.1341428371 0.1508383408 
9.29885 0.00010 0.1333944629 0.1500789499 
9.30103 0.00010 0.1326505298 0.1493240656 
9.30319 0.00010 0.1319265009 0.1485893783 
9.30535 0.00010 0.1312061091 0.1478583818 
9.30749 0.00010 0.1304892658 0.1471309860 
9.30963 0.00010 0.1297759546 0.1464071742 
9.31175 0.00010 0.1290661585 0.1456869293 
9.31386 0.00010 0.1283598240 0.1449701970 
9.31597 0.00010 0.1276569336 0.1442569595 
9.31806 0.00010 0.1269574329 0.1435471616 
9.32014 0.00010 0.1262613037 0.1428407849 
9.32222 0.00010 0.1255685277 0.1421378106 
9.32428 0.00010 0.1248790491 0.1414381823 
9.32633 0.00010 0.1241928490 0.1407418807 
9.32838 0.00010 0.1235055838 0.1400444985 
9.33041 0.00010 0.1228207669 0.1393496005 
9.33243 0.00010 0.1221391163 0.1386579154 
9.33445 0.00010 0.1214606858 0.1379694980 
9.33645 0.00010 0.1207853812 0.1372842523 
9.33845 0.00010 0.1201132188 0.1366021951 
9.34044 0.00010 0.1194455956 0.1359247439 
9.34242 0.00010 0.1187845898 0.1352540076 
9.34439 0.00010 0.1181234596 0.1345831451 
9.34635 0.00010 0.1174774617 0.1339276375 
9.34830 0.00010 0.1168344287 0.1332751386 
9.35025 0.00010 0.1161942252 0.1326255108 
9.35218 0.00010 0.1155569407 0.1319788449 
9.35411 0.00010 0.1149224764 0.1313350408 
9.35603 0.00010 0.1142908087 0.1306940744 
9.35793 0.00010 0.1136619512 0.1300559597 
9.35983 0.00010 0.1130358800 0.1294206721 
9.36173 0.00010 0.1124124948 0.1287881102 
9.36361 0.00010 0.1112274853 0.1281583256 
9.36549 0.00010 0.1106098631 0.1275312932 
9.36735 0.00010 0.1094311153 0.1269069103 
9.36921 0.00010 0.1088191124 0.1262852671 
9.37107 0.00010 0.1076465904 0.1256662604 
9.37291 0.00010 0.1070400611 0.1250498638 
9.37475 0.00010 0.1058900526 0.1244528053 
9.37657 0.00010 0.1053265427 0.1238798367 
9.37840 0.00010 0.1042034960 0.1233093071 
9.38021 0.00010 0.1036450399 0.1227411882 
9.38201 0.00010 0.1025274802 0.1221753732 
9.38381 0.00010 0.1103902198 0.1216119502 
9.38560 0.00010 0.1098347734 0.1210508904 
9.38739 0.00010 0.1092815601 0.1204920862 
9.38916 0.00010 0.1087306671 0.1199356258 
9.39093 0.00010 0.1081812088 0.1193806147 
9.39269 0.00010 0.1075452709 0.1187382499 
9.39445 0.00010 0.1069095625 0.1180961170 
9.39620 0.00010 0.1062764326 0.1174565886 
9.39794 0.00010 0.1056458548 0.1168196381 
9.39967 0.00010 0.1050178024 0.1161852385 
9.40140 0.00010 0.1043922486 0.1155533628 
9.40312 0.00010 0.1037691664 0.1149239836 
9.40483 0.00010 0.1031486072 0.1142971530 
9.40654 0.00010 0.1025304648 0.1136727636 
9.40824 0.00010 0.1019147512 0.1130508275 
9.40993 0.00010 0.1013014383 0.1124313164 
9.41162 0.00010 0.1006905377 0.1118142420 
9.41330 0.00010 0.1000819420 0.1111994957 
9.41497 0.00010 0.0994757814 0.1105872092 
9.41664 0.00010 0.0988703565 0.1099756658 
9.41830 0.00010 0.0982688591 0.1093680896 
9.41996 0.00010 0.0976696312 0.1087628059 
9.42160 0.00010 0.0970730831 0.1081602289 
9.42325 0.00010 0.0964788268 0.1075599670 
9.42488 0.00010 0.0958868331 0.1069619906 
9.42651 0.00010 0.0952970321 0.1063662290 
9.42813 0.00010 0.0952626372 0.1057727332 
9.42975 0.00010 0.0946769163 0.1051813918 
9.43136 0.00010 0.0940934599 0.1045923366 
9.43297 0.00010 0.0935120766 0.1040053743 
9.43457 0.00010 0.0929351198 0.1034228811 
9.43616 0.00010 0.0923617586 0.1028440179 
9.43775 0.00010 0.0917905497 0.1022673277 
9.43933 0.00010 0.0912230039 0.1016943358 
9.44091 0.00010 0.0906815627 0.1011476989 
9.44248 0.00010 0.0901420423 0.1006030013 
9.44404 0.00010 0.0896044511 0.1000602514 
9.44560 0.00010 0.0890688377 0.0995194983 
9.44716 0.00010 0.0885351288 0.0989806679 
9.44870 0.00010 0.0880033323 0.0984437683 
9.45025 0.00010 0.0874734152 0.0979087662 
9.45178 0.00010 0.0869454263 0.0973757107 
9.45332 0.00010 0.0864192503 0.0968444855 
9.45484 0.00010 0.0858949769 0.0963151812 
9.45636 0.00010 0.0853724904 0.0957876809 
9.45788 0.00010 0.0848518805 0.0952620753 
9.45939 0.00010 0.0843330723 0.0947382886 
9.46090 0.00010 0.0838160318 0.0942162866 
9.46240 0.00010 0.0833008488 0.0936961600 
9.46389 0.00010 0.0833342690 0.0931777909 
9.46538 0.00010 0.0828223577 0.0926612282 
9.46686 0.00010 0.0823121606 0.0921463953 
9.46834 0.00010 0.0817822877 0.0916117078 
9.46982 0.00010 0.0812538416 0.0910784600 
9.47129 0.00010 0.0807271615 0.0905469944 
9.47275 0.00010 0.0802023800 0.0900174445 
9.47421 0.00010 0.0796792541 0.0894895654 
9.47567 0.00010 0.0791579162 0.0889634904 
9.47712 0.00010 0.0786383316 0.0884391847 
9.47857 0.00010 0.0781191666 0.0879153024 
9.48001 0.00010 0.0776031504 0.0873945975 
9.48144 0.00010 0.0771106666 0.0868976388 
9.48287 0.00010 0.0766198472 0.0864023597 
9.48430 0.00010 0.0761306144 0.0859086815 
9.48572 0.00010 0.0761859540 0.0854166105 
9.48714 0.00010 0.0756996672 0.0849261528 
9.48855 0.00010 0.0752149860 0.0844373143 
9.48996 0.00010 0.0747318741 0.0839500587 
9.49136 0.00010 0.0742502950 0.0834643490 
9.49276 0.00010 0.0737853075 0.0829953732 
9.49415 0.00010 0.0733291560 0.0825353092 
9.49554 0.00010 0.0728744329 0.0820766858 
9.49693 0.00010 0.0724212283 0.0816195940 
9.49831 0.00010 0.0719694198 0.0811639102 
9.49969 0.00010 0.0715190975 0.0807097255 
9.50106 0.00010 0.0710701386 0.0802569158 
9.50243 0.00010 0.0706226333 0.0798055722 
9.50379 0.00010 0.0701765439 0.0793556565 
9.50515 0.00010 0.0697318324 0.0789071307 
9.50650 0.00010 0.0692885465 0.0784600426 
9.50785 0.00010 0.0688466052 0.0780143107 
9.50920 0.00010 0.0684060560 0.0775699828 
9.51054 0.00010 0.0679668608 0.0771270206 
9.51188 0.00010 0.0675290242 0.0766854285 
9.51322 0.00010 0.0670925937 0.0762452547 
9.51455 0.00010 0.0666574018 0.0758063301 
9.51587 0.00010 0.0662236252 0.0753688329 
9.51719 0.00010 0.0657911391 0.0749326372 
9.51851 0.00010 0.0653535481 0.0744912930 
9.51983 0.00010 0.0649088461 0.0740427767 
9.52114 0.00010 0.0644655043 0.0735956322 
9.52244 0.00010 0.0645603272 0.0731498205 
9.52374 0.00010 0.0641194538 0.0727053899 
9.52504 0.00010 0.0636798247 0.0722622136 
9.52634 0.00010 0.0632415313 0.0718203838 
9.52763 0.00010 0.0628045780 0.0713799049 
9.52891 0.00010 0.0623689259 0.0709407377 
9.53020 0.00010 0.0619455382 0.0705139338 
9.53148 0.00010 0.0615291635 0.0700941996 
9.53275 0.00010 0.0611129985 0.0696746768 
9.53403 0.00010 0.0606991021 0.0692574408 
9.53529 0.00010 0.0602863855 0.0688413942 
9.53656 0.00010 0.0598748964 0.0684265850 
9.53782 0.00010 0.0594645509 0.0680129285 
9.53908 0.00010 0.0590554844 0.0676005615 
9.54033 0.00010 0.0586475690 0.0671893547 
9.54158 0.00010 0.0582408084 0.0667793121 
9.54282 0.00010 0.0578352942 0.0663705260 
9.54407 0.00010 0.0574308540 0.0659628226 
9.54531 0.00010 0.0570276236 0.0655563386 
9.54654 0.00010 0.0566255183 0.0651509890 
9.54777 0.00010 0.0562244974 0.0647467324 
9.54900 0.00010 0.0558246972 0.0643437064 
9.55023 0.00010 0.0554340114 0.0639498683 
9.55145 0.00010 0.0550476294 0.0635603687 
9.55267 0.00010 0.0546623659 0.0631719967 
9.55388 0.00010 0.0542781798 0.0627847108 
9.55509 0.00010 0.0538950743 0.0623985142 
9.55630 0.00010 0.0535130081 0.0620133652 
9.55751 0.00010 0.0536631089 0.0616293118 
9.55871 0.00010 0.0532829834 0.0612463124 
9.55990 0.00010 0.0529039070 0.0608643700 
9.56110 0.00010 0.0525258827 0.0604834876 
9.56229 0.00010 0.0521488689 0.0601036234 
9.56348 0.00010 0.0517729132 0.0597248253 
9.56466 0.00010 0.0513979740 0.0593470514 
9.56585 0.00010 0.0510240989 0.0589703497 
9.56702 0.00010 0.0506512014 0.0585946328 
9.56820 0.00010 0.0502793740 0.0582199942 
9.56937 0.00010 0.0499084849 0.0578463011 
9.57054 0.00010 0.0495385818 0.0574736013 
9.57171 0.00010 0.0491697125 0.0571019432 
9.57287 0.00010 0.0487998059 0.0567292399 
9.57403 0.00010 0.0484252491 0.0563518513 
9.57519 0.00010 0.0480517215 0.0559754997 
9.57634 0.00010 0.0476791811 0.0556001426 
9.57749 0.00010 0.0473076306 0.0552257830 
9.57864 0.00010 0.0469370275 0.0548523780 
9.57978 0.00010 0.0465674200 0.0544799761 
9.58092 0.00010 0.0461978582 0.0541076202 
9.58206 0.00010 0.0458302040 0.0537371864 
9.58320 0.00010 0.0454651442 0.0533693666 
9.58433 0.00010 0.0451064151 0.0530079253 
9.58546 0.00010 0.0447485251 0.0526473295 
9.58659 0.00010 0.0443916588 0.0522877651 
9.58771 0.00010 0.0440356821 0.0519290971 
9.58883 0.00010 0.0436805977 0.0515713280 
9.58995 0.00010 0.0433264991 0.0512145523 
9.59106 0.00010 0.0429732521 0.0508586346 
9.59218 0.00010 0.0426209046 0.0505036232 
9.59329 0.00010 0.0422695050 0.0501495668 
9.59439 0.00010 0.0419189640 0.0497963756 
9.59550 0.00010 0.0415693300 0.0494440981 
9.59660 0.00010 0.0412206053 0.0490927369 
9.59769 0.00010 0.0408727464 0.0487422480 
9.59879 0.00010 0.0405257557 0.0483926339 
9.59988 0.00010 0.0401796355 0.0480438969 
9.60097 0.00010 0.0398344342 0.0476960857 
9.60206 0.00010 0.0394900620 0.0473491099 
9.60314 0.00010 0.0391465673 0.0470030182 
9.60422 0.00010 0.0388039063 0.0466577664 
9.60530 0.00010 0.0384620810 0.0463133568 
9.60638 0.00010 0.0381211400 0.0459698382 
9.60745 0.00010 0.0377810394 0.0456271662 
9.60852 0.00010 0.0374417813 0.0452853432 
9.60959 0.00010 0.0371033216 0.0449443245 
9.61066 0.00010 0.0367657551 0.0446042059 
9.61172 0.00010 0.0369540778 0.0442676078 
9.61278 0.00010 0.0366235737 0.0439347727 
9.61384 0.00010 0.0362938856 0.0436027593 
9.61490 0.00010 0.0359649689 0.0432715229 
9.61595 0.00010 0.0356369189 0.0429411592 
9.61700 0.00010 0.0353096445 0.0426115765 
9.61805 0.00010 0.0349831476 0.0422827768 
9.61909 0.00010 0.0346573835 0.0419547152 
9.62013 0.00010 0.0343324475 0.0416274874 
9.62117 0.00010 0.0340082949 0.0413010486 
9.62221 0.00010 0.0336848808 0.0409753535 
9.62325 0.00010 0.0333623008 0.0406504984 
9.62428 0.00010 0.0330396198 0.0403255416 
9.62531 0.00010 0.0327185727 0.0400022301 
9.62634 0.00010 0.0323982717 0.0396796701 
9.62737 0.00010 0.0320786717 0.0393578160 
9.62839 0.00010 0.0317599155 0.0390368117 
9.62941 0.00010 0.0314418170 0.0387164696 
9.63043 0.00010 0.0311219778 0.0383943746 
9.63144 0.00010 0.0307995464 0.0380696692 
9.63246 0.00010 0.0304779107 0.0377457649 
9.63347 0.00010 0.0301570725 0.0374226639 
9.63448 0.00010 0.0298369395 0.0371002730 
9.63548 0.00010 0.0295175133 0.0367785940 
9.63649 0.00010 0.0291988430 0.0364576762 
9.63749 0.00010 0.0288809305 0.0361375215 
9.63849 0.00010 0.0285636829 0.0358180364 
9.63949 0.00010 0.0282499443 0.0355020850 
9.64048 0.00010 0.0279405759 0.0351905346 
9.64147 0.00010 0.0276318394 0.0348796206 
9.64246 0.00010 0.0273238786 0.0345694879 
9.64345 0.00010 0.0270165530 0.0342599947 
9.64444 0.00010 0.0267099591 0.0339512384 
9.64542 0.00010 0.0264040986 0.0336432207 
9.64640 0.00010 0.0260988780 0.0333358474 
9.64738 0.00010 0.0257943941 0.0330292161 
9.64836 0.00010 0.0254905534 0.0327232323 
9.64933 0.00010 0.0251874048 0.0324179457 
9.65031 0.00010 0.0248849025 0.0321133099 
9.65128 0.00010 0.0245831434 0.0318094225 
9.65224 0.00010 0.0242820814 0.0315062372 
9.65321 0.00010 0.0239815747 0.0312036110 
9.65417 0.00010 0.0236818638 0.0309017863 
9.65514 0.00010 0.0233827590 0.0306005719 
9.65610 0.00010 0.0230842617 0.0302999693 
9.65705 0.00010 0.0227864692 0.0300000765 
9.65801 0.00010 0.0224893831 0.0297008952 
9.65896 0.00010 0.0221928610 0.0294022816 
9.65991 0.00010 0.0218970482 0.0291043826 
9.66086 0.00010 0.0216018985 0.0288071511 
9.66181 0.00010 0.0213073650 0.0285105403 
9.66276 0.00010 0.0210134973 0.0282146001 
9.66370 0.00010 0.0207194775 0.0279185066 
9.66464 0.00010 0.0204268973 0.0276238628 
9.66558 0.00010 0.0201348909 0.0273297969 
9.66652 0.00010 0.0198435078 0.0270363587 
9.66745 0.00010 0.0195528461 0.0267436470 
9.66839 0.00010 0.0192627140 0.0264514687 
9.66932 0.00010 0.0189732578 0.0261599710 
9.67025 0.00010 0.0186844307 0.0258691068 
9.67117 0.00010 0.0189092314 0.0255788286 
9.67210 0.00010 0.0186214730 0.0252891866 
9.67302 0.00010 0.0183342995 0.0250001333 
9.67394 0.00010 0.0180478094 0.0247117678 
9.67486 0.00010 0.0177618582 0.0244239449 
9.67578 0.00010 0.0174765446 0.0241367636 
9.67669 0.00010 0.0171918211 0.0238501764 
9.67761 0.00010 0.0169127071 0.0235692354 
9.67852 0.00010 0.0166375075 0.0232922344 
9.67943 0.00010 0.0163629614 0.0230158912 
9.68033 0.00010 0.0160889239 0.0227400599 
9.68124 0.00010 0.0158154938 0.0224648399 
9.68214 0.00010 0.0155426722 0.0221902325 
9.68305 0.00010 0.0152703627 0.0219161405 
9.68395 0.00010 0.0149986641 0.0216426634 
9.68484 0.00010 0.0147274309 0.0213696548 
9.68574 0.00010 0.0144568600 0.0210973128 
9.68663 0.00010 0.0141868058 0.0208254908 
9.68753 0.00010 0.0139173182 0.0205542392 
9.68842 0.00010 0.0136483986 0.0202835593 
9.68931 0.00010 0.0133799989 0.0200134027 
9.69019 0.00010 0.0131121694 0.0197438200 
9.69108 0.00010 0.0128416653 0.0194715453 
9.69196 0.00010 0.0125702535 0.0191983568 
9.69285 0.00010 0.0122993601 0.0189256903 
9.69373 0.00010 0.0120290357 0.0186535963 
9.69460 0.00010 0.0117592813 0.0183820762 
9.69548 0.00010 0.0114900489 0.0181110814 
9.69635 0.00010 0.0112213394 0.0178406131 
9.69723 0.00010 0.0109532035 0.0175707220 
9.69810 0.00010 0.0106855928 0.0173013595 
9.69897 0.00010 0.0104220199 0.0170360613 
9.69984 0.00010 0.0101606117 0.0167729420 
9.70070 0.00010 0.0099004315 0.0165110587 
9.70157 0.00010 0.0096407384 0.0162496657 
9.70243 0.00010 0.0093815335 0.0159887641 
9.70329 0.00010 0.0091228672 0.0157284046 
9.70415 0.00010 0.0088647406 0.0154685884 
9.70501 0.00010 0.0086070555 0.0152092165 
9.70586 0.00010 0.0083499619 0.0149504400 
9.70672 0.00010 0.0080933613 0.0146921597 
9.70757 0.00010 0.0078372051 0.0144343268 
9.70842 0.00010 0.0075815938 0.0141770423 
9.70927 0.00010 0.0073264784 0.0139202570 
9.71012 0.00010 0.0070718601 0.0136639720 
9.71096 0.00010 0.0068177398 0.0134081882 
9.71181 0.00010 0.0065641184 0.0131529067 
9.71265 0.00010 0.0063110469 0.0128981786 
9.71349 0.00010 0.0060583764 0.0126438542 
9.71433 0.00010 0.0058062077 0.0123900349 
9.71517 0.00010 0.0055545418 0.0121367216 
9.71600 0.00010 0.0053033796 0.0118839153 
9.71684 0.00010 0.0050527221 0.0116316171 
9.71767 0.00010 0.0048024701 0.0113797270 
9.71850 0.00010 0.0045527747 0.0111283971 
9.71933 0.00010 0.0043034865 0.0108774771 
9.72016 0.00010 0.0040547068 0.0106270689 
9.72098 0.00010 0.0038064363 0.0103771733 
9.72181 0.00010 0.0035585254 0.0101276396 
9.72263 0.00010 0.0033111759 0.0098786710 
9.72345 0.00010 0.0030643385 0.0096302178 
9.72427 0.00010 0.0028178632 0.0093821291 
9.72509 0.00010 0.0025719017 0.0091345576 
9.72591 0.00010 0.0023264046 0.0088874536 
9.72673 0.00010 0.0020814233 0.0086408687 
9.72754 0.00010 0.0018368578 0.0083947023 
9.72835 0.00010 0.0015927088 0.0081489552 
9.72916 0.00010 0.0013490277 0.0079036790 
9.72997 0.00010 0.0011058659 0.0076589254 
9.73078 0.00010 0.0008631231 0.0074145937 
9.73159 0.00010 0.0006208003 0.0071706847 
9.73239 0.00010 0.0003788981 0.0069271990 
9.73320 0.00010 0.0001369108 0.0066836278 
9.73400 0.00010 -0.0001040466 0.0064410931 
9.73480 0.00010 -0.0003445809 0.0061989843 
9.73560 0.00010 -0.0005845898 0.0059574043 
9.73640 0.00010 -0.0008242247 0.0057162008 
9.73719 0.00010 -0.0010634341 0.0054754256 
9.73799 0.00010 -0.0013021663 0.0052351307 
9.73878 0.00010 -0.0015404713 0.0049952658 
9.73957 0.00010 -0.0017783485 0.0047558315 
9.74036 0.00010 -0.0020157969 0.0045168288 
9.74115 0.00010 -0.0022528158 0.0042782585 
9.74194 0.00010 -0.0024894044 0.0040401211 
9.74272 0.00010 -0.0027255620 0.0038024177 
9.74351 0.00010 -0.0029612367 0.0035652003 
9.74429 0.00010 -0.0031965809 0.0033283156 
9.74507 0.00010 -0.0034314406 0.0030919186 
9.74585 0.00010 -0.0036659173 0.0028559070 
9.74663 0.00010 -0.0038999079 0.0026203847 
9.74741 0.00010 -0.0041335651 0.0023851980 
9.74819 0.00010 -0.0043667348 0.0021505021 
9.74896 0.00010 -0.0046006450 0.0019150607 
9.74974 0.00010 -0.0048342210 0.0016799558 
9.75051 0.00010 -0.0050674109 0.0014452395 
9.75128 0.00010 -0.0053001626 0.0012109642 
9.75205 0.00010 -0.0055324755 0.0009771307 
9.75282 0.00010 -0.0057644000 0.0007436880 
9.75358 0.00010 -0.0059959355 0.0005106369 
9.75435 0.00010 -0.0062270813 0.0002779781 
9.75511 0.00010 -0.0064577338 0.0000458157 
9.75587 0.00010 -0.0066880209 -0.0001859787 
9.75663 0.00010 -0.0069174270 -0.0004168865 
9.75739 0.00010 -0.0071463885 -0.0006473467 
9.75815 0.00010 -0.0073749819 -0.0008774364 
9.75891 0.00010 -0.0076031550 -0.0011071032 
9.75967 0.00010 -0.0078309330 -0.0013363721 
9.76042 0.00010 -0.0075588479 -0.0015652425 
9.76117 0.00010 -0.0077859735 -0.0017937398 
9.76193 0.00010 -0.0080126757 -0.0020218112 
9.76268 0.00010 -0.0082390057 -0.0022495080 
9.76343 0.00010 -0.0084652215 -0.0024770900 
9.76418 0.00010 -0.0086916077 -0.0027048434 
9.76492 0.00010 -0.0089170506 -0.0029316478 
9.76567 0.00010 -0.0091420670 -0.0031580231 
9.76641 0.00010 -0.0093667339 -0.0033840468 
9.76716 0.00010 -0.0095910249 -0.0036096924 
9.76790 0.00010 -0.0098149133 -0.0038349329 
9.76864 0.00010 -0.0100384244 -0.0040597939 
9.76938 0.00010 -0.0102615316 -0.0042842484 
9.77011 0.00010 -0.0104842861 -0.0045083483 
9.77085 0.00010 -0.0107066355 -0.0047320404 
9.77159 0.00010 -0.0109286309 -0.0049553765 
9.77232 0.00010 -0.0111502718 -0.0051783560 
9.77305 0.00010 -0.0113715056 -0.0054009258 
9.77379 0.00010 -0.0115923836 -0.0056231378 
9.77452 0.00010 -0.0118128791 -0.0058449650 
9.77525 0.00010 -0.0120329916 -0.0060664068 
9.77597 0.00010 -0.0122527465 -0.0062874888 
9.77670 0.00010 -0.0124721171 -0.0065081842 
9.77743 0.00010 -0.0126911549 -0.0067285448 
9.77815 0.00010 -0.0129098071 -0.0069485176 
9.77887 0.00010 -0.0131280993 -0.0071681281 
9.77960 0.00010 -0.0133460309 -0.0073873758 
9.78032 0.00010 -0.0135636012 -0.0076062600 
9.78104 0.00010 -0.0137807834 -0.0078247539 
9.78175 0.00010 -0.0139976294 -0.0080429095 
9.78247 0.00010 -0.0142141384 -0.0082607261 
9.78319 0.00010 -0.0144302315 -0.0084781241 
9.78390 0.00010 -0.0146460127 -0.0086952085 
9.78462 0.00010 -0.0148614553 -0.0089119523 
9.78533 0.00010 -0.0150765062 -0.0091283019 
9.78604 0.00010 -0.0152912175 -0.0093443099 
9.78675 0.00010 -0.0155055620 -0.0095599489 
9.78746 0.00010 -0.0157195657 -0.0097752450 
9.78817 0.00010 -0.0159332543 -0.0099902241 
9.78887 0.00010 -0.0161465481 -0.0102048061 
9.78958 0.00010 -0.0163595258 -0.0104190700 
9.79028 0.00010 -0.0165721339 -0.0106329621 
9.79099 0.00010 -0.0167843983 -0.0108465084 
9.79169 0.00010 -0.0169963448 -0.0110597349 
9.79239 0.00010 -0.0172079201 -0.0112725880 
9.79309 0.00010 -0.0174196785 -0.0114856252 
9.79379 0.00010 -0.0176306156 -0.0116978362 
9.79449 0.00010 -0.0178411797 -0.0119096720 
9.79518 0.00010 -0.0180513969 -0.0121211587 
9.79588 0.00010 -0.0182612664 -0.0123322957 
9.79657 0.00010 -0.0184708408 -0.0125431357 
9.79727 0.00010 -0.0186800664 -0.0127536249 
9.79796 0.00010 -0.0188889429 -0.0129637629 
9.79865 0.00010 -0.0190974961 -0.0131735756 
9.79934 0.00010 -0.0193056990 -0.0133830359 
9.80003 0.00010 -0.0195135776 -0.0135921699 
9.80072 0.00010 -0.0197211579 -0.0138010039 
9.80140 0.00010 -0.0199283598 -0.0140094570 
9.80209 0.00010 -0.0201352623 -0.0142176092 
9.80277 0.00010 -0.0203418385 -0.0144254329 
9.80346 0.00010 -0.0205480878 -0.0146329278 
9.80414 0.00010 -0.0207540096 -0.0148400932 
9.80482 0.00010 -0.0209596302 -0.0150469556 
9.80550 0.00010 -0.0211648957 -0.0152534608 
9.80618 0.00010 -0.0213698589 -0.0154596618 
9.80686 0.00010 -0.0215745193 -0.0156655582 
9.80753 0.00010 -0.0217788232 -0.0158710959 
9.80821 0.00010 -0.0219828232 -0.0160763279 
9.80888 0.00010 -0.0221865190 -0.0162812538 
9.80956 0.00010 -0.0223898833 -0.0164858464 
9.81023 0.00010 -0.0225929156 -0.0166901048 
9.81090 0.00010 -0.0227956690 -0.0168940827 
9.81157 0.00010 -0.0229980894 -0.0170977256 
9.81224 0.00010 -0.0232002031 -0.0173010599 
9.81291 0.00010 -0.0234020097 -0.0175040853 
9.81358 0.00010 -0.0236034819 -0.0177067742 
9.81425 0.00010 -0.0238046727 -0.0179091800 
9.81491 0.00010 -0.0240055281 -0.0181112484 
9.81558 0.00010 -0.0242060744 -0.0183130059 
9.81624 0.00010 -0.0244063380 -0.0185144790 
9.81690 0.00010 -0.0246063185 -0.0187156672 
9.81756 0.00010 -0.0248059617 -0.0189165160 
9.81822 0.00010 -0.0250052669 -0.0191170250 
9.81888 0.00010 -0.0252043415 -0.0193173018 
9.81954 0.00010 -0.0254030503 -0.0195172107 
9.82020 0.00010 -0.0256019853 -0.0197173471 
9.82086 0.00010 -0.0258001231 -0.0199166815 
9.82151 0.00010 -0.0259979745 -0.0201157278 
9.82217 0.00010 -0.0261955123 -0.0203144585 
9.82282 0.00010 -0.0263924390 -0.0205125746 
9.82347 0.00010 -0.0265876206 -0.0207089349 
9.82413 0.00010 -0.0267824585 -0.0209049494 
9.82478 0.00010 -0.0269770601 -0.0211007263 
9.82543 0.00010 -0.0271715064 -0.0212963469 
9.82607 0.00010 -0.0273665809 -0.0214925995 
9.82672 0.00010 -0.0275614191 -0.0216886144 
9.82737 0.00010 -0.0277559123 -0.0218842822 
9.82801 0.00010 -0.0279501683 -0.0220797114 
9.82866 0.00010 -0.0281440784 -0.0222747925 
9.82930 0.00010 -0.0283377233 -0.0224696069 
9.82995 0.00010 -0.0285311028 -0.0226641543 
9.83059 0.00010 -0.0287241350 -0.0228583523 
9.83123 0.00010 -0.0289138890 -0.0230492522 
9.83187 0.00010 -0.0291076626 -0.0232441960 
9.83251 0.00010 -0.0292981556 -0.0234358395 
9.83315 0.00010 -0.0294883523 -0.0236271849 
9.83378 0.00010 -0.0296782524 -0.0238182318 
9.83442 0.00010 -0.0298679097 -0.0240090345 
9.83506 0.00010 -0.0300572695 -0.0241995379 
9.83569 0.00010 -0.0302463586 -0.0243897689 
9.83632 0.00010 -0.0304351493 -0.0245796998 
9.83696 0.00010 -0.0306236958 -0.0247693850 
9.83759 0.00010 -0.0308119431 -0.0249587691 
9.83822 0.00010 -0.0309999726 -0.0251479342 
9.83885 0.00010 -0.0311876749 -0.0253367701 
9.83948 0.00010 -0.0313751041 -0.0255253312 
9.84010 0.00010 -0.0315622871 -0.0257136447 
9.84073 0.00010 -0.0317491690 -0.0259016552 
9.84136 0.00010 -0.0319358039 -0.0260894172 
9.84198 0.00010 -0.0321221642 -0.0262769029 
9.84261 0.00010 -0.0323082494 -0.0264641120 
9.84323 0.00010 -0.0324940866 -0.0266510715 
9.84385 0.00010 -0.0326796480 -0.0268377536 
9.84448 0.00010 -0.0328649332 -0.0270241578 
9.84510 0.00010 -0.0330499693 -0.0272103113 
9.84572 0.00010 -0.0332351943 -0.0273966550 
9.84634 0.00010 -0.0334196763 -0.0275822511 
9.84696 0.00010 -0.0336039080 -0.0277675955 
9.84757 0.00010 -0.0337878891 -0.0279526876 
9.84819 0.00010 -0.0339716192 -0.0281375273 
9.84880 0.00010 -0.0341550430 -0.0283220589 
9.84942 0.00010 -0.0343382426 -0.0285063648 
9.85003 0.00010 -0.0345211626 -0.0286903895 
9.85065 0.00010 -0.0347038576 -0.0288741879 
9.85126 0.00010 -0.0348862449 -0.0290576766 
9.85187 0.00010 -0.0350684064 -0.0292409383 
9.85248 0.00010 -0.0352503145 -0.0294239450 
9.85309 0.00010 -0.0354319687 -0.0296066963 
9.85370 0.00010 -0.0356133687 -0.0297891917 
9.85431 0.00010 -0.0357944866 -0.0299714034 
9.85491 0.00010 -0.0359753770 -0.0301533863 
9.85552 0.00010 -0.0361559846 -0.0303350847 
9.85612 0.00010 -0.0363363918 -0.0305165814 
9.85673 0.00010 -0.0365164878 -0.0306977650 
9.85733 0.00010 -0.0366963550 -0.0308787185 
9.85793 0.00010 -0.0368760209 -0.0310594695 
9.85854 0.00010 -0.0370554021 -0.0312399340 
9.85914 0.00010 -0.0372344983 -0.0314201118 
9.85974 0.00010 -0.0374133921 -0.0316000860 
9.86034 0.00010 -0.0375920279 -0.0317798006 
9.86094 0.00010 -0.0377704052 -0.0319592552 
9.86153 0.00010 -0.0379485516 -0.0321384774 
9.86213 0.00010 -0.0381264665 -0.0323174668 
9.86273 0.00010 -0.0383040944 -0.0324961674 
9.86332 0.00010 -0.0384814902 -0.0326746346 
9.86392 0.00010 -0.0386586536 -0.0328528679 
9.86451 0.00010 -0.0388355844 -0.0330308672 
9.86510 0.00010 -0.0390122822 -0.0332086322 
9.86569 0.00010 -0.0391887189 -0.0333861345 
9.86629 0.00010 -0.0393648942 -0.0335633737 
9.86688 0.00010 -0.0395408633 -0.0337404055 
9.86747 0.00010 -0.0397165704 -0.0339171737 
9.86805 0.00010 -0.0398920707 -0.0340937339 
9.86864 0.00010 -0.0400673082 -0.0342700297 
9.86923 0.00010 -0.0402423383 -0.0344461169 
9.86982 0.00010 -0.0404175509 -0.0346223877 
9.87040 0.00010 -0.0405920820 -0.0347979728 
9.87099 0.00010 -0.0407663490 -0.0349732922 
9.87157 0.00010 -0.0409404352 -0.0351484298 
9.87216 0.00010 -0.0411142568 -0.0353233011 
9.87274 0.00010 -0.0412878413 -0.0354979339 
9.87332 0.00010 -0.0414612162 -0.0356723559 
9.87390 0.00010 -0.0416343534 -0.0358465387 
9.87448 0.00010 -0.0418072247 -0.0360204540 
9.87506 0.00010 -0.0419799134 -0.0361941856 
9.87564 0.00010 -0.0421523356 -0.0363676491 
9.87622 0.00010 -0.0423245467 -0.0365409003 
9.87679 0.00010 -0.0424965186 -0.0367139107 
9.87737 0.00010 -0.0426682789 -0.0368867083 
9.87795 0.00010 -0.0428397992 -0.0370592646 
9.87852 0.00010 -0.0430110795 -0.0372315792 
9.87910 0.00010 -0.0431821472 -0.0374036800 
9.87967 0.00010 -0.0433530022 -0.0375755669 
9.88024 0.00010 -0.0435236162 -0.0377472112 
9.88081 0.00010 -0.0436940167 -0.0379186409 
9.88138 0.00010 -0.0438641756 -0.0380898274 
9.88195 0.00010 -0.0440341487 -0.0382608270 
9.88252 0.00010 -0.0442038233 -0.0384315263 
9.88309 0.00010 -0.0443733396 -0.0386020664 
9.88366 0.00010 -0.0445426131 -0.0387723622 
9.88423 0.00010 -0.0447116716 -0.0389424416 
9.88479 0.00010 -0.0448804865 -0.0391122761 
9.88536 0.00010 -0.0450491140 -0.0392819219 
9.88593 0.00010 -0.0452175256 -0.0394513506 
9.88649 0.00010 -0.0453856929 -0.0396205335 
9.88705 0.00010 -0.0455536437 -0.0397894986 
9.88762 0.00010 -0.0457213777 -0.0399582456 
9.88818 0.00010 -0.0458889230 -0.0401268028 
9.88874 0.00010 -0.0460561946 -0.0402950846 
9.88930 0.00010 -0.0462232768 -0.0404631758 
9.88986 0.00010 -0.0463901694 -0.0406310763 
9.89042 0.00010 -0.0465568156 -0.0407987290 
9.89098 0.00010 -0.0467232435 -0.0409661619 
9.89154 0.00010 -0.0468894809 -0.0411334033 
9.89209 0.00010 -0.0470554994 -0.0413004244 
9.89265 0.00010 -0.0472217233 -0.0414676522 
9.89321 0.00010 -0.0473873316 -0.0416342606 
9.89376 0.00010 -0.0475526918 -0.0418006195 
9.89432 0.00010 -0.0477178603 -0.0419667855 
9.89487 0.00010 -0.0478828085 -0.0421327299 
9.89542 0.00010 -0.0480475645 -0.0422984809 
9.89597 0.00010 -0.0482120997 -0.0424640097 
9.89653 0.00010 -0.0483764138 -0.0426293161 
9.89708 0.00010 -0.0485405632 -0.0427944569 
9.89763 0.00010 -0.0487044627 -0.0429593462 
9.89818 0.00010 -0.0488681686 -0.0431240408 
9.89872 0.00010 -0.0490333296 -0.0432901992 
9.89927 0.00010 -0.0491987813 -0.0434566501 
9.89982 0.00010 -0.0493640404 -0.0436229073 
9.90037 0.00010 -0.0495291066 -0.0437889704 
9.90091 0.00010 -0.0496939513 -0.0439548106 
9.90146 0.00010 -0.0498585742 -0.0441204277 
9.90200 0.00010 -0.0500228609 -0.0442857066 
9.90255 0.00010 -0.0501856140 -0.0444494426 
9.90309 0.00010 -0.0503481433 -0.0446129535 
9.90363 0.00010 -0.0505092220 -0.0447750049 
9.90417 0.00010 -0.0506691909 -0.0449359399 
9.90471 0.00010 -0.0508289622 -0.0450966761 
9.90526 0.00010 -0.0509885070 -0.0452571845 
9.90580 0.00010 -0.0511478823 -0.0454175223 
9.90633 0.00010 -0.0513070593 -0.0455776606 
9.90687 0.00010 -0.0514660377 -0.0457375991 
9.90741 0.00010 -0.0516248173 -0.0458973376 
9.90795 0.00010 -0.0513061876 -0.0460568758 
9.90848 0.00010 -0.0514646486 -0.0462162135 
9.90902 0.00010 -0.0516229098 -0.0463753504 
9.90955 0.00010 -0.0517809712 -0.0465342865 
9.91009 0.00010 -0.0519388612 -0.0466930500 
9.91062 0.00010 -0.0520965507 -0.0468516121 
9.91116 0.00010 -0.0522540397 -0.0470099725 
9.91169 0.00010 -0.0524113566 -0.0471681599 
9.91222 0.00010 -0.0525684437 -0.0473261162 
9.91275 0.00010 -0.0527253296 -0.0474838701 
9.91328 0.00010 -0.0528821000 -0.0476415080 
9.91381 0.00010 -0.0530386112 -0.0477988853 
9.91434 0.00010 -0.0531953518 -0.0479564931 
9.91487 0.00010 -0.0533514877 -0.0481134929 
9.91540 0.00010 -0.0535074499 -0.0482703181 
9.91593 0.00010 -0.0536632094 -0.0484269395 
9.91645 0.00010 -0.0538187948 -0.0485833857 
9.91698 0.00010 -0.0539741771 -0.0487396278 
9.91751 0.00010 -0.0541293848 -0.0488956943 
9.91803 0.00010 -0.0542843889 -0.0490515560 
9.91855 0.00010 -0.0544392468 -0.0492072708 
9.91908 0.00010 -0.0545938718 -0.0493627514 
9.91960 0.00010 -0.0547483214 -0.0495180556 
9.92012 0.00010 -0.0549025954 -0.0496731832 
9.92064 0.00010 -0.0550566646 -0.0498281049 
9.92117 0.00010 -0.0552105577 -0.0499828495 
9.92169 0.00010 -0.0553642745 -0.0501374169 
9.92221 0.00010 -0.0555178148 -0.0502918068 
9.92272 0.00010 -0.0556711495 -0.0504459899 
9.92324 0.00010 -0.0558243073 -0.0505999951 
9.92376 0.00010 -0.0559772879 -0.0507538222 
9.92428 0.00010 -0.0561300622 -0.0509074418 
9.92480 0.00010 -0.0562826878 -0.0510609120 
9.92531 0.00010 -0.0564351357 -0.0512142034 
9.92583 0.00010 -0.0565873767 -0.0513672867 
9.92634 0.00010 -0.0567394394 -0.0515201908 
9.92686 0.00010 -0.0568913237 -0.0516729155 
9.92737 0.00010 -0.0570430294 -0.0518254607 
9.92788 0.00010 -0.0571945563 -0.0519778260 
9.92839 0.00010 -0.0573459332 -0.0521300404 
9.92891 0.00010 -0.0574970728 -0.0522820163 
9.92942 0.00010 -0.0576480910 -0.0524338701 
9.92993 0.00010 -0.0577989005 -0.0525855141 
9.93044 0.00010 -0.0579495591 -0.0527370064 
9.93095 0.00010 -0.0581000088 -0.0528882885 
9.93146 0.00010 -0.0582503072 -0.0530394185 
9.93196 0.00010 -0.0584003960 -0.0531903378 
9.93247 0.00010 -0.0585503333 -0.0533411047 
9.93298 0.00010 -0.0587000897 -0.0534916898 
9.93349 0.00010 -0.0588496941 -0.0536421220 
9.93399 0.00010 -0.0589990881 -0.0537923427 
9.93450 0.00010 -0.0591483589 -0.0539424394 
9.93500 0.00010 -0.0592977981 -0.0540927054 
9.93551 0.00010 -0.0594467638 -0.0542424954 
9.93601 0.00010 -0.0595955476 -0.0543921024 
9.93651 0.00010 -0.0597441782 -0.0545415555 
9.93702 0.00010 -0.0598926265 -0.0546908251 
9.93752 0.00010 -0.0600408921 -0.0548399112 
9.93802 0.00010 -0.0601890042 -0.0549888428 
9.93852 0.00010 -0.0603369332 -0.0551375903 
9.93902 0.00010 -0.0604847082 -0.0552861830 
9.93952 0.00010 -0.0606322998 -0.0554345912 
9.94002 0.00010 -0.0607797078 -0.0555828149 
9.94052 0.00010 -0.0609269613 -0.0557308831 
9.94102 0.00010 -0.0610740600 -0.0558787957 
9.94151 0.00010 -0.0612209745 -0.0560265232 
9.94201 0.00010 -0.0613677047 -0.0561740652 
9.94251 0.00010 -0.0615143088 -0.0563214806 
9.94300 0.00010 -0.0616606989 -0.0564686806 
9.94350 0.00010 -0.0618069626 -0.0566157537 
9.94399 0.00010 -0.0619530119 -0.0567626110 
9.94449 0.00010 -0.0620989344 -0.0569093410 
9.94498 0.00010 -0.0622446715 -0.0570558844 
9.94547 0.00010 -0.0623902815 -0.0572023001 
9.94597 0.00010 -0.0625357055 -0.0573485289 
9.94646 0.00010 -0.0626809435 -0.0574945705 
9.94695 0.00010 -0.0628259952 -0.0576404247 
9.94744 0.00010 -0.0629709485 -0.0577861801 
9.94793 0.00010 -0.0631157151 -0.0579317478 
9.94842 0.00010 -0.0632602950 -0.0580771276 
9.94891 0.00010 -0.0634047465 -0.0582223784 
9.94940 0.00010 -0.0635490109 -0.0583674410 
9.94988 0.00010 -0.0636930878 -0.0585123151 
9.95037 0.00010 -0.0638370654 -0.0586570894 
9.95086 0.00010 -0.0639808258 -0.0588016452 
9.95134 0.00010 -0.0641244865 -0.0589461009 
9.95183 0.00010 -0.0642679297 -0.0590903377 
9.95232 0.00010 -0.0644112140 -0.0592344148 
9.95280 0.00010 -0.0645543687 -0.0593783616 
9.95328 0.00010 -0.0646973642 -0.0595221484 
9.95377 0.00010 -0.0648401708 -0.0596657452 
9.95429 0.00010 -0.0649828473 -0.0598092112 
9.95477 0.00010 -0.0651370087 -0.0599642256 
9.95526 0.00010 -0.0652793399 -0.0601073443 
9.95574 0.00010 -0.0654215109 -0.0602503020 
9.95622 0.00010 -0.0655635217 -0.0603930986 
9.95670 0.00010 -0.0657054017 -0.0605357636 
9.95718 0.00010 -0.0658470915 -0.0606782374 
9.95766 0.00010 -0.0659886501 -0.0608205792 
9.95814 0.00010 -0.0661300476 -0.0609627592 
9.95861 0.00010 -0.0662712842 -0.0611047772 
9.95909 0.00010 -0.0664123593 -0.0612466330 
9.95957 0.00010 -0.0665532731 -0.0613883264 
9.96005 0.00010 -0.0666940548 -0.0615298871 
9.96052 0.00010 -0.0668346747 -0.0616712851 
9.96100 0.00010 -0.0669751327 -0.0618125203 
9.96147 0.00010 -0.0671154286 -0.0619535924 
9.96195 0.00010 -0.0672555918 -0.0620945312 
9.96242 0.00010 -0.0673955925 -0.0622353066 
9.96289 0.00010 -0.0675354306 -0.0623759184 
9.96337 0.00010 -0.0676751357 -0.0625163965 
9.96384 0.00010 -0.0678146480 -0.0626566808 
9.96431 0.00010 -0.0679540864 -0.0627968907 
9.96478 0.00010 -0.0680933020 -0.0629368766 
9.96525 0.00010 -0.0682324136 -0.0630767580 
9.96572 0.00010 -0.0683713319 -0.0632164449 
9.96619 0.00010 -0.0685101459 -0.0633560270 
9.96666 0.00010 -0.0686487662 -0.0634954143 
9.96713 0.00010 -0.0687872521 -0.0636346665 
9.96760 0.00010 -0.0689255738 -0.0637737535 
9.96807 0.00010 -0.0690637608 -0.0639127052 
9.96854 0.00010 -0.0692017833 -0.0640514913 
9.96900 0.00010 -0.0693397304 -0.0641902017 
9.96947 0.00010 -0.0694774529 -0.0643286863 
9.96994 0.00010 -0.0696150701 -0.0644670650 
9.97040 0.00010 -0.0697524921 -0.0646052473 
9.97087 0.00010 -0.0698897786 -0.0647432935 
9.97133 0.00010 -0.0700269593 -0.0648812332 
9.97179 0.00010 -0.0701639444 -0.0650189762 
9.97226 0.00010 -0.0703007934 -0.0651565825 
9.97272 0.00010 -0.0704375362 -0.0652940820 
9.97322 0.00010 -0.0705741129 -0.0654314143 
9.97368 0.00010 -0.0707217204 -0.0655798386 
9.97414 0.00010 -0.0708579976 -0.0657168698 
9.97460 0.00010 -0.0709941081 -0.0658537335 
9.97506 0.00010 -0.0711305612 -0.0659909416 
9.97552 0.00010 -0.0712707147 -0.0661318706 
9.97598 0.00010 -0.0714107338 -0.0662726644 
9.97644 0.00010 -0.0715505882 -0.0664132927 
9.97690 0.00010 -0.0716903080 -0.0665537855 
9.97736 0.00010 -0.0718298928 -0.0666941428 
9.97782 0.00010 -0.0719693126 -0.0668343340 
9.97827 0.00010 -0.0721085972 -0.0669743893 
9.97873 0.00010 -0.0722476864 -0.0671142480 
9.97919 0.00010 -0.0723854679 -0.0672527919 
9.97964 0.00010 -0.0725197156 -0.0673877824 
9.98010 0.00010 -0.0726538246 -0.0675226335 
9.98055 0.00010 -0.0727877648 -0.0676573148 
9.98101 0.00010 -0.0729215960 -0.0677918865 
9.98146 0.00010 -0.0730552579 -0.0679262880 
9.98191 0.00010 -0.0731888107 -0.0680605798 
9.98237 0.00010 -0.0733222241 -0.0681947314 
9.98282 0.00010 -0.0734554678 -0.0683287123 
9.98327 0.00010 -0.0735885718 -0.0684625529 
9.98372 0.00010 -0.0737215962 -0.0685963133 
9.98417 0.00010 -0.0738544203 -0.0687298724 
9.98462 0.00010 -0.0739871345 -0.0688633209 
9.98507 0.00010 -0.0741197084 -0.0689966283 
9.98552 0.00010 -0.0742521419 -0.0691297946 
9.98597 0.00010 -0.0743844348 -0.0692628195 
9.98642 0.00010 -0.0745165871 -0.0693957030 
9.98687 0.00010 -0.0746477224 -0.0695275639 
9.98731 0.00010 -0.0747786254 -0.0696591912 
9.98776 0.00010 -0.0749093868 -0.0697906761 
9.98821 0.00010 -0.0750400063 -0.0699220184 
9.98865 0.00010 -0.0751704838 -0.0700532179 
9.98910 0.00010 -0.0753008495 -0.0701843049 
9.98955 0.00010 -0.0754310427 -0.0703152185 
9.98999 0.00010 -0.0755611237 -0.0704460193 
9.99044 0.00010 -0.0756910925 -0.0705767072 
9.99088 0.00010 -0.0758208883 -0.0707072212 
9.99136 0.00010 -0.0759505717 -0.0708376221 
9.99180 0.00010 -0.0760907523 -0.0709785784 
9.99224 0.00010 -0.0762201528 -0.0711086949 
9.99269 0.00010 -0.0763494404 -0.0712386979 
9.99313 0.00010 -0.0764786151 -0.0713685873 
9.99357 0.00010 -0.0766076159 -0.0714983019 
9.99401 0.00010 -0.0767365035 -0.0716279027 
9.99445 0.00010 -0.0768652473 -0.0717573589 
9.99489 0.00010 -0.0769938777 -0.0718867010 
9.99533 0.00010 -0.0771223640 -0.0720158982 
9.99577 0.00010 -0.0772507367 -0.0721449812 
9.99621 0.00010 -0.0773789346 -0.0722738884 
9.99665 0.00010 -0.0775070489 -0.0724027117 
9.99708 0.00010 -0.0776350492 -0.0725314202 
9.99752 0.00010 -0.0777628744 -0.0726599526 
9.99796 0.00010 -0.0778905852 -0.0727883701 
9.99839 0.00010 -0.0780181815 -0.0729166724 
9.99883 0.00010 -0.0781456328 -0.0730448289 
9.99926 0.00010 -0.0782729693 -0.0731728701 
9.99970 0.00010 -0.0784001606 -0.0733007651 
10.00013 0.00010 -0.0785272369 -0.0734285445 
10.00057 0.00010 -0.0786541981 -0.0735562083 
10.00100 0.00010 -0.0787810137 -0.0736837255 
10.00144 0.00010 -0.0789077139 -0.0738111268 
10.00187 0.00010 -0.0790342986 -0.0739384120 
10.00230 0.00010 -0.0791607068 -0.0740655196 
10.00273 0.00010 -0.0792870604 -0.0741925723 
10.00316 0.00010 -0.0794132371 -0.0743194472 
10.00360 0.00010 -0.0795392979 -0.0744462055 
10.00403 0.00010 -0.0796652427 -0.0745728472 
10.00446 0.00010 -0.0797910713 -0.0746993720 
10.00489 0.00010 -0.0799167531 -0.0748257492 
10.00532 0.00010 -0.0800423186 -0.0749520095 
10.00574 0.00010 -0.0801677675 -0.0750781525 
10.00617 0.00010 -0.0802930692 -0.0752041475 
10.00660 0.00010 -0.0804182847 -0.0753300559 
10.00703 0.00010 -0.0805423421 -0.0754547998 
10.00746 0.00010 -0.0806657612 -0.0755789017 
10.00788 0.00010 -0.0807890622 -0.0757028850 
10.00831 0.00010 -0.0809122146 -0.0758267188 
10.00877 0.00010 -0.0810352794 -0.0759504646 
10.00920 0.00010 -0.0811683172 -0.0760842385 
10.00962 0.00010 -0.0812910869 -0.0762076874 
10.01005 0.00010 -0.0814137687 -0.0763310481 
10.01047 0.00010 -0.0815363318 -0.0764542894 
10.01089 0.00010 -0.0816596975 -0.0765783377 
10.01132 0.00010 -0.0817833134 -0.0767026376 
10.01174 0.00010 -0.0819068110 -0.0768268186 
10.01216 0.00010 -0.0820301904 -0.0769508806 
10.01259 0.00010 -0.0821534513 -0.0770748235 
10.01301 0.00010 -0.0822765936 -0.0771986471 
10.01343 0.00010 -0.0823996172 -0.0773223515 
10.01385 0.00010 -0.0825225527 -0.0774459673 
10.01427 0.00010 -0.0826453387 -0.0775694326 
10.01469 0.00010 -0.0827679748 -0.0776927473 
10.01511 0.00010 -0.0828905226 -0.0778159732 
10.01553 0.00010 -0.0830129511 -0.0779390791 
10.01595 0.00010 -0.0831352603 -0.0780620651 
10.01637 0.00010 -0.0832574501 -0.0781849309 
10.01679 0.00010 -0.0833795202 -0.0783076765 
10.01720 0.00010 -0.0835014706 -0.0784303017 
10.01762 0.00010 -0.0836233322 -0.0785528375 
10.01804 0.00010 -0.0837450430 -0.0786752218 
10.01846 0.00010 -0.0838666337 -0.0787974853 
10.01887 0.00010 -0.0839881352 -0.0789196591 
10.01929 0.00010 -0.0841095165 -0.0790417121 
10.01970 0.00010 -0.0842307775 -0.0791636439 
10.02012 0.00010 -0.0843519180 -0.0792854547 
10.02053 0.00010 -0.0844729379 -0.0794071443 
10.02095 0.00010 -0.0845938063 -0.0795286815 
10.02136 0.00010 -0.0847146157 -0.0796501594 
10.02177 0.00010 -0.0848353043 -0.0797715157 
10.02219 0.00010 -0.0849558719 -0.0798927504 
10.02260 0.00010 -0.0850763184 -0.0800138634 
10.02301 0.00010 -0.0851966437 -0.0801348545 
10.02342 0.00010 -0.0853168786 -0.0802557547 
10.02384 0.00010 -0.0854369611 -0.0803765017 
10.02425 0.00010 -0.0855569841 -0.0804971888 
10.02466 0.00010 -0.0856768236 -0.0806176913 
10.02507 0.00010 -0.0857966342 -0.0807381648 
10.02551 0.00010 -0.0859162610 -0.0808584536 
10.02592 0.00010 -0.0860455994 -0.0809885077 
10.02633 0.00010 -0.0861649849 -0.0811085538 
10.02674 0.00010 -0.0862843103 -0.0812285394 
10.02715 0.00010 -0.0864034824 -0.0813483709 
10.02755 0.00010 -0.0865225632 -0.0814681106 
10.02796 0.00010 -0.0866415215 -0.0815877271 
10.02837 0.00010 -0.0867603882 -0.0817072515 
10.02878 0.00010 -0.0868791323 -0.0818266527 
10.02918 0.00010 -0.0869977847 -0.0819459616 
10.02959 0.00010 -0.0871163142 -0.0820651469 
10.02999 0.00010 -0.0872347207 -0.0821842086 
10.03040 0.00010 -0.0873530041 -0.0823031465 
10.03080 0.00010 -0.0874712265 -0.0824220230 
10.03121 0.00010 -0.0875892634 -0.0825407130 
10.03161 0.00010 -0.0877072702 -0.0826593728 
10.03202 0.00010 -0.0878251225 -0.0827778772 
10.03242 0.00010 -0.0879428511 -0.0828962572 
10.03282 0.00010 -0.0880605183 -0.0830145755 
10.03323 0.00010 -0.0881780305 -0.0831327379 
10.03363 0.00010 -0.0882954499 -0.0832508071 
10.03403 0.00010 -0.0884127766 -0.0833687829 
10.03443 0.00010 -0.0885299791 -0.0834866339 
10.03483 0.00010 -0.0886470886 -0.0836043914 
10.03523 0.00010 -0.0887640737 -0.0837220238 
10.03563 0.00010 -0.0888809657 -0.0838395626 
10.03603 0.00010 -0.0889977331 -0.0839569761 
10.03643 0.00010 -0.0891144072 -0.0840742957 
10.03683 0.00010 -0.0892309565 -0.0841914899 
10.03723 0.00010 -0.0893473809 -0.0843085586 
10.03763 0.00010 -0.0894637430 -0.0844255645 
10.03803 0.00010 -0.0895799800 -0.0845424447 
10.03843 0.00010 -0.0896960920 -0.0846591991 
10.03882 0.00010 -0.0898121412 -0.0847758905 
10.03922 0.00010 -0.0899280652 -0.0848924559 
10.03962 0.00010 -0.0900437698 -0.0850088007 
10.04002 0.00010 -0.0901594114 -0.0851250822 
10.04041 0.00010 -0.0902748961 -0.0852412059 
10.04081 0.00010 -0.0903903176 -0.0853572661 
10.04120 0.00010 -0.0905056133 -0.0854731997 
10.04163 0.00010 -0.0906207830 -0.0855890066 
10.04202 0.00010 -0.0907453287 -0.0857142415 
10.04242 0.00010 -0.0908603428 -0.0858298920 
10.04281 0.00010 -0.0909751992 -0.0859453839 
10.04321 0.00010 -0.0910900235 -0.0860608435 
10.04360 0.00010 -0.0912047213 -0.0861761760 
10.04399 0.00010 -0.0913193239 -0.0862914127 
10.04438 0.00010 -0.0914338313 -0.0864065538 
10.04478 0.00010 -0.0915482120 -0.0865215673 
10.04517 0.00010 -0.0916624973 -0.0866364850 
10.04556 0.00010 -0.0917766871 -0.0867513066 
10.04595 0.00010 -0.0918907499 -0.0868660005 
10.04634 0.00010 -0.0920047799 -0.0869806614 
10.04673 0.00010 -0.0921186198 -0.0870951313 
10.04712 0.00010 -0.0922323953 -0.0872095363 
10.04751 0.00010 -0.0923460748 -0.0873238449 
10.04790 0.00010 -0.0924596269 -0.0874380253 
10.04829 0.00010 -0.0925731144 -0.0875521407 
10.04868 0.00010 -0.0926865056 -0.0876661593 
10.04907 0.00010 -0.0927997691 -0.0877800496 
10.04945 0.00010 -0.0929129363 -0.0878938429 
10.04984 0.00010 -0.0930259755 -0.0880075076 
10.05023 0.00010 -0.0931389496 -0.0881211068 
10.05062 0.00010 -0.0932517956 -0.0882345772 
10.05100 0.00010 -0.0933645765 -0.0883479821 
10.05139 0.00010 -0.0934772290 -0.0884612579 
10.05177 0.00010 -0.0935898162 -0.0885744681 
10.05216 0.00010 -0.0937022432 -0.0886875172 
10.05254 0.00010 -0.0938146365 -0.0888005324 
10.05293 0.00010 -0.0939269010 -0.0889134180 
10.05331 0.00010 -0.0940390366 -0.0890261742 
10.05370 0.00010 -0.0941511382 -0.0891388960 
10.05408 0.00010 -0.0942630792 -0.0892514564 
10.05447 0.00010 -0.0943749543 -0.0893639505 
10.05485 0.00010 -0.0944867319 -0.0894763466 
10.05523 0.00010 -0.0945983802 -0.0895886127 
10.05561 0.00010 -0.0947099624 -0.0897008123 
10.05600 0.00010 -0.0948214152 -0.0898128817 
10.05638 0.00010 -0.0949328017 -0.0899248846 
10.05676 0.00010 -0.0950440903 -0.0900367890 
10.05717 0.00010 -0.0951552491 -0.0901485629 
10.05755 0.00010 -0.0952754685 -0.0902694474 
10.05793 0.00010 -0.0953864016 -0.0903809944 
10.05831 0.00010 -0.0954972998 -0.0904925062 
10.05869 0.00010 -0.0956080997 -0.0906039192 
10.05907 0.00010 -0.0957187693 -0.0907152012 
10.05945 0.00010 -0.0958293722 -0.0908264160 
10.05983 0.00010 -0.0959398763 -0.0909375316 
10.06021 0.00010 -0.0960502501 -0.0910485160 
10.06059 0.00010 -0.0961605567 -0.0911594330 
10.06096 0.00010 -0.0962707327 -0.0912702187 
10.06134 0.00010 -0.0963808416 -0.0913809368 
10.06172 0.00010 -0.0964908831 -0.0914915872 
10.06210 0.00010 -0.0966007938 -0.0916021061 
10.06247 0.00010 -0.0967106053 -0.0917125251 
10.06285 0.00010 -0.0968203492 -0.0918228763 
10.06322 0.00010 -0.0969299621 -0.0919330956 
10.06360 0.00010 -0.0970395072 -0.0920432469 
10.06397 0.00010 -0.0971489210 -0.0921532661 
10.06435 0.00010 -0.0972582670 -0.0922632172 
10.06472 0.00010 -0.0973675133 -0.0923730680 
10.06510 0.00010 -0.0974766917 -0.0924828505 
10.06547 0.00010 -0.0975857385 -0.0925925006 
10.06584 0.00010 -0.0976947171 -0.0927020822 
10.06622 0.00010 -0.0978035958 -0.0928115634 
10.06659 0.00010 -0.0979123743 -0.0929209438 
10.06696 0.00010 -0.0980210846 -0.0930302556 
10.06734 0.00010 -0.0981296627 -0.0931394345 
10.06771 0.00010 -0.0982381725 -0.0932485446 
10.06808 0.00010 -0.0983465817 -0.0933575538 
10.06845 0.00010 -0.0984548906 -0.0934664619 
10.06882 0.00010 -0.0985631308 -0.0935753011 
10.06919 0.00010 -0.0986712384 -0.0936840068 
10.06956 0.00010 -0.0987792773 -0.0937926435 
10.06993 0.00010 -0.0988872473 -0.0939012109 
10.07030 0.00010 -0.0989950845 -0.0940096448 
10.07067 0.00010 -0.0991028526 -0.0941180092 
10.07104 0.00010 -0.0992105518 -0.0942263043 
10.07141 0.00010 -0.0993181178 -0.0943344656 
10.07178 0.00010 -0.0994255827 -0.0944425251 
10.07218 0.00010 -0.0995330103 -0.0945505471 
10.07254 0.00010 -0.0996491082 -0.0946672874 
10.07291 0.00010 -0.0997563353 -0.0947751078 
10.07328 0.00010 -0.0998634288 -0.0948827938 
10.07365 0.00010 -0.0999704848 -0.0949904422 
10.07401 0.00010 -0.1000774392 -0.0950979884 
10.07438 0.00010 -0.1001842598 -0.0952054000 
10.07474 0.00010 -0.1002910427 -0.0953127738 
10.07511 0.00010 -0.1003976916 -0.0954200129 
10.07548 0.00010 -0.1005042707 -0.0955271817 
10.07584 0.00010 -0.1006107478 -0.0956342479 
10.07621 0.00010 -0.1007171548 -0.0957412437 
10.07657 0.00010 -0.1008234596 -0.0958481367 
10.07693 0.00010 -0.1009295658 -0.0959548300 
10.07730 0.00010 -0.1010351843 -0.0960610329 
10.07766 0.00010 -0.1011407965 -0.0961672295 
10.07802 0.00010 -0.1012462417 -0.0962732581 
10.07839 0.00010 -0.1013516805 -0.0963792803 
10.07875 0.00010 -0.1014569522 -0.0964851345 
10.07911 0.00010 -0.1015622173 -0.0965909821 
10.07947 0.00010 -0.1016673474 -0.0966966939 
10.07984 0.00010 -0.1017723743 -0.0968023019 
10.08020 0.00010 -0.1018773624 -0.0969078710 
10.08056 0.00010 -0.1019822151 -0.0970133038 
10.08092 0.00010 -0.1020869967 -0.0971186652 
10.08128 0.00010 -0.1021916749 -0.0972239226 
10.08164 0.00010 -0.1022962819 -0.0973291084 
10.08200 0.00010 -0.1024008175 -0.0974342224 
10.08236 0.00010 -0.1025052817 -0.0975392647 
10.08272 0.00010 -0.1026096101 -0.0976441704 
10.08308 0.00010 -0.1027138670 -0.0977490041 
10.08344 0.00010 -0.1028180523 -0.0978537658 
10.08379 0.00010 -0.1029221336 -0.0979584231 
10.08415 0.00010 -0.1030261433 -0.0980630083 
10.08451 0.00010 -0.1031300812 -0.0981675213 
10.08487 0.00010 -0.1032339151 -0.0982719297 
10.08523 0.00010 -0.1033376770 -0.0983762657 
10.08558 0.00010 -0.1034413023 -0.0984804645 
10.08594 0.00010 -0.1035449202 -0.0985846557 
10.08629 0.00010 -0.1036484015 -0.0986887096 
10.08668 0.00010 -0.1037603106 -0.0988012379 
10.08704 0.00010 -0.1038635848 -0.0989050836 
10.08739 0.00010 -0.1039668514 -0.0990089215 
10.08775 0.00010 -0.1040699811 -0.0991126218 
10.08810 0.00010 -0.1041730382 -0.0992162492 
10.08846 0.00010 -0.1042760229 -0.0993198037 
10.08881 0.00010 -0.1043789351 -0.0994232853 
10.08916 0.00010 -0.1044817423 -0.0995266614 
10.08952 0.00010 -0.1045844444 -0.0996299318 
10.08987 0.00010 -0.1046871062 -0.0997331616 
10.09022 0.00010 -0.1047896628 -0.0998362856 
10.09058 0.00010 -0.1048921465 -0.0999393365 
10.09093 0.00010 -0.1049945574 -0.1000423140 
10.09128 0.00010 -0.1050968628 -0.1001451855 
10.09163 0.00010 -0.1051990952 -0.1002479836 
10.09199 0.00010 -0.1053012220 -0.1003506755 
10.09234 0.00010 -0.1054032757 -0.1004532939 
10.09269 0.00010 -0.1055052562 -0.1005558386 
10.09304 0.00010 -0.1056071634 -0.1006583096 
10.09339 0.00010 -0.1057089972 -0.1007607069 
10.09374 0.00010 -0.1058107251 -0.1008629977 
10.09409 0.00010 -0.1059123796 -0.1009652147 
10.09444 0.00010 -0.1060139605 -0.1010673577 
10.09479 0.00010 -0.1061154353 -0.1011693940 
10.09514 0.00010 -0.1062168365 -0.1012713562 
10.09549 0.00010 -0.1063181640 -0.1013732444 
10.09584 0.00010 -0.1064194176 -0.1014750583 
10.09618 0.00010 -0.1065205649 -0.1015767653 
10.09653 0.00010 -0.1066216383 -0.1016783979 
10.09688 0.00010 -0.1067226377 -0.1017799562 
10.09723 0.00010 -0.1068235631 -0.1018814400 
10.09757 0.00010 -0.1069244144 -0.1019828493 
10.09792 0.00010 -0.1070251591 -0.1020841514 
10.09827 0.00010 -0.1071258295 -0.1021853788 
10.09861 0.00010 -0.1072264582 -0.1022865643 
10.09896 0.00010 -0.1073269474 -0.1023876096 
10.09931 0.00010 -0.1074273622 -0.1024885800 
10.09965 0.00010 -0.1075277351 -0.1025895083 
10.10000 0.00010 -0.1076280010 -0.1026903290 
10.10037 0.00010 -0.1077281923 -0.1027910746 
10.10072 0.00010 -0.1078365633 -0.1029000453 
10.10106 0.00010 -0.1079365746 -0.1030006099 
10.10140 0.00010 -0.1080365437 -0.1031011322 
10.10175 0.00010 -0.1081364053 -0.1032015464 
10.10209 0.00010 -0.1082362248 -0.1033019182 
10.10243 0.00010 -0.1083359367 -0.1034021818 
10.10278 0.00010 -0.1084355735 -0.1035023699 
10.10312 0.00010 -0.1085351027 -0.1036024498 
10.10346 0.00010 -0.1086345894 -0.1037024870 
10.10381 0.00010 -0.1087340010 -0.1038024487 
10.10415 0.00010 -0.1088333373 -0.1039023347 
10.10449 0.00010 -0.1089325657 -0.1040021121 
10.10483 0.00010 -0.1090317187 -0.1041018137 
10.10517 0.00010 -0.1091307963 -0.1042014395 
10.10551 0.00010 -0.1092297984 -0.1043009894 
10.10585 0.00010 -0.1093287578 -0.1044004964 
10.10619 0.00010 -0.1094276088 -0.1044998944 
10.10653 0.00010 -0.1095263843 -0.1045992164 
10.10687 0.00010 -0.1096250840 -0.1046984622 
10.10721 0.00010 -0.1097218074 -0.1047957208 
10.10755 0.00010 -0.1098181591 -0.1048926057 
10.10789 0.00010 -0.1099144667 -0.1049894462 
10.10823 0.00010 -0.1100106975 -0.1050862094 
10.10857 0.00010 -0.1101068186 -0.1051828623 
10.10891 0.00010 -0.1102028953 -0.1052794707 
10.10924 0.00010 -0.1102988951 -0.1053760017 
10.10958 0.00010 -0.1103947849 -0.1054724220 
10.10992 0.00010 -0.1104906631 -0.1055688308 
10.11026 0.00010 -0.1105869895 -0.1056656902 
10.11059 0.00010 -0.1106847497 -0.1057639913 
10.11093 0.00010 -0.1107824334 -0.1058622154 
10.11127 0.00010 -0.1108800734 -0.1059603958 
10.11160 0.00010 -0.1109775713 -0.1060584331 
10.11194 0.00010 -0.1110750582 -0.1061564594 
10.11228 0.00010 -0.1111724357 -0.1062543757 
10.11261 0.00010 -0.1112697036 -0.1063521818 
10.11295 0.00010 -0.1113669605 -0.1064499769 
10.11328 0.00010 -0.1114641077 -0.1065476616 
10.11362 0.00010 -0.1115612109 -0.1066453021 
10.11398 0.00010 -0.1116582043 -0.1067428322 
10.11431 0.00010 -0.1117630884 -0.1068482966 
10.11464 0.00010 -0.1118599624 -0.1069457067 
10.11498 0.00010 -0.1119567265 -0.1070430062 
10.11531 0.00010 -0.1120534464 -0.1071402612 
10.11564 0.00010 -0.1121500561 -0.1072374055 
10.11598 0.00010 -0.1122466215 -0.1073345052 
10.11631 0.00010 -0.1123430766 -0.1074314940 
10.11664 0.00010 -0.1124394873 -0.1075284382 
10.11697 0.00010 -0.1125358207 -0.1076253046 
10.11731 0.00010 -0.1126321095 -0.1077221262 
10.11764 0.00010 -0.1127282877 -0.1078188366 
10.11797 0.00010 -0.1128244214 -0.1079155022 
10.11830 0.00010 -0.1129204445 -0.1080120566 
10.11863 0.00010 -0.1130164228 -0.1081085660 
10.11896 0.00010 -0.1131123235 -0.1082049973 
10.11929 0.00010 -0.1132081463 -0.1083013503 
10.11962 0.00010 -0.1133038582 -0.1083975918 
10.11995 0.00010 -0.1133995583 -0.1084938214 
10.12028 0.00010 -0.1134951473 -0.1085899394 
10.12061 0.00010 -0.1135906914 -0.1086860122 
10.12094 0.00010 -0.1136861244 -0.1087819731 
10.12127 0.00010 -0.1137815122 -0.1088778888 
10.12160 0.00010 -0.1138768550 -0.1089737591 
10.12192 0.00010 -0.1139720865 -0.1090695175 
10.12225 0.00010 -0.1140672396 -0.1091651972 
10.12258 0.00010 -0.1141623475 -0.1092608313 
10.12291 0.00010 -0.1142574102 -0.1093564200 
10.12323 0.00010 -0.1143523281 -0.1094518631 
10.12356 0.00010 -0.1144472338 -0.1095472939 
10.12389 0.00010 -0.1145420278 -0.1096426125 
10.12422 0.00010 -0.1146367763 -0.1097378852 
10.12454 0.00010 -0.1147314461 -0.1098330789 
10.12487 0.00010 -0.1148260373 -0.1099281934 
10.12519 0.00010 -0.1149205496 -0.1100232287 
10.12552 0.00010 -0.1150150495 -0.1101182515 
10.12584 0.00010 -0.1151094041 -0.1102131282 
10.12617 0.00010 -0.1152037130 -0.1103079589 
10.12649 0.00010 -0.1152979429 -0.1104027102 
10.12682 0.00010 -0.1153921270 -0.1104974154 
10.12717 0.00010 -0.1154862320 -0.1105920411 
10.12749 0.00010 -0.1155879973 -0.1106943695 
10.12782 0.00010 -0.1156819456 -0.1107888377 
10.12814 0.00010 -0.1157758479 -0.1108832596 
10.12846 0.00010 -0.1158696709 -0.1109776017 
10.12879 0.00010 -0.1159634146 -0.1110718641 
10.12911 0.00010 -0.1160570788 -0.1111660466 
10.12943 0.00010 -0.1161506636 -0.1112601491 
10.12976 0.00010 -0.1162442021 -0.1113542052 
10.13008 0.00010 -0.1163376610 -0.1114481813 
10.13040 0.00010 -0.1164310737 -0.1115421108 
10.13072 0.00010 -0.1165244066 -0.1116359602 
10.13104 0.00010 -0.1166176932 -0.1117297629 
10.13136 0.00010 -0.1167108667 -0.1118234519 
10.13168 0.00010 -0.1168039936 -0.1119170942 
10.13201 0.00010 -0.1168970407 -0.1120106562 
10.13233 0.00010 -0.1169900412 -0.1121041712 
10.13265 0.00010 -0.1170829617 -0.1121976059 
10.13297 0.00010 -0.1171758022 -0.1122909601 
10.13329 0.00010 -0.1172685960 -0.1123842673 
10.13361 0.00010 -0.1173612763 -0.1124774604 
10.13392 0.00010 -0.1174539431 -0.1125706400 
10.13424 0.00010 -0.1175464964 -0.1126637053 
10.13456 0.00010 -0.1176390361 -0.1127567571 
10.13488 0.00010 -0.1177314287 -0.1128496610 
10.13520 0.00010 -0.1178238411 -0.1129425847 
10.13552 0.00010 -0.1179161397 -0.1130353940 
10.13584 0.00010 -0.1180083578 -0.1131281223 
10.13615 0.00010 -0.1181005287 -0.1132208033 
10.13647 0.00010 -0.1181926191 -0.1133134032 
10.13679 0.00010 -0.1182846623 -0.1134059557 
10.13711 0.00010 -0.1183766583 -0.1134984607 
10.13742 0.00010 -0.1184685400 -0.1135908508 
10.13774 0.00010 -0.1185603410 -0.1136831598 
10.13805 0.00010 -0.1186521280 -0.1137754547 
10.13837 0.00010 -0.1187438343 -0.1138676683 
10.13869 0.00010 -0.1188354595 -0.1139598006 
10.13900 0.00010 -0.1189270372 -0.1140518850 
10.13932 0.00010 -0.1190185005 -0.1141438544 
10.13963 0.00010 -0.1191099496 -0.1142358095 
10.13997 0.00010 -0.1192013176 -0.1143276830 
10.14029 0.00010 -0.1193001092 -0.1144270213 
10.14060 0.00010 -0.1193913164 -0.1145187331 
10.14092 0.00010 -0.1194825093 -0.1146104306 
10.14123 0.00010 -0.1195735874 -0.1147020126 
10.14154 0.00010 -0.1196646176 -0.1147935466 
10.14186 0.00010 -0.1197555664 -0.1148849986 
10.14217 0.00010 -0.1198464672 -0.1149764024 
10.14248 0.00010 -0.1199335622 -0.1150639793 
10.14280 0.00010 -0.1200185269 -0.1151494141 
10.14311 0.00010 -0.1201035083 -0.1152348657 
10.14342 0.00010 -0.1201883385 -0.1153201653 
10.14373 0.00010 -0.1202731854 -0.1154054817 
10.14405 0.00010 -0.1203579483 -0.1154907136 
10.14436 0.00010 -0.1204426269 -0.1155758608 
10.14467 0.00010 -0.1205272550 -0.1156609572 
10.14498 0.00010 -0.1206118325 -0.1157460026 
10.14529 0.00010 -0.1206963257 -0.1158309633 
10.14560 0.00010 -0.1207821802 -0.1159172929 
10.14591 0.00010 -0.1208723223 -0.1160079337 
10.14622 0.00010 -0.1209624158 -0.1160985258 
10.14653 0.00010 -0.1210524610 -0.1161890692 
10.14684 0.00010 -0.1211423903 -0.1162794961 
10.14715 0.00010 -0.1212322710 -0.1163698741 
10.14746 0.00010 -0.1213221031 -0.1164602033 
10.14777 0.00010 -0.1214118866 -0.1165504836 
10.14808 0.00010 -0.1215015877 -0.1166406810 
10.14839 0.00010 -0.1215912064 -0.1167307956 
10.14870 0.00010 -0.1216807763 -0.1168208611 
10.14901 0.00010 -0.1217702974 -0.1169108775 
10.14932 0.00010 -0.1218597359 -0.1170008109 
10.14962 0.00010 -0.1219491256 -0.1170906953 
10.14993 0.00010 -0.1220384327 -0.1171804964 
10.15024 0.00010 -0.1221276907 -0.1172702483 
10.15055 0.00010 -0.1222168659 -0.1173599170 
10.15085 0.00010 -0.1223060259 -0.1174495703 
10.15116 0.00010 -0.1223951031 -0.1175391404 
10.15147 0.00010 -0.1224840636 -0.1176285931 
10.15177 0.00010 -0.1225730087 -0.1177180304 
10.15208 0.00010 -0.1226619045 -0.1178074181 
